time	V(vout1)	V(u1:n_state)	V(u1:r_hs)	V(u1:tsub)	V(u1:ttherm)	I(u1:B_ir)	I(u1:B_isw)	I(u1:B_ph)	abs(I(u1:L_kinetic))
0.000000000000000e+000	0.000000e+000	0.000000e+000	0.000000e+000	3.000000e+000	0.000000e+000	2.500000e-006	7.920766e-006	0.000000e+000	7.900000e-006
9.937272836012558e-011	-3.447266e-014	0.000000e+000	0.000000e+000	3.000000e+000	-1.332022e-015	2.500000e-006	7.920766e-006	0.000000e+000	7.900000e-006
2.017727283601305e-010	-3.343093e-014	0.000000e+000	0.000000e+000	3.000000e+000	-1.332022e-015	2.500000e-006	7.920766e-006	0.000000e+000	7.900000e-006
3.041727283601170e-010	-3.240232e-014	0.000000e+000	0.000000e+000	3.000000e+000	-1.332022e-015	2.500000e-006	7.920766e-006	0.000000e+000	7.900000e-006
4.065727283600955e-010	-3.134966e-014	0.000000e+000	0.000000e+000	3.000000e+000	-1.332022e-015	2.500000e-006	7.920766e-006	0.000000e+000	7.900000e-006
5.089727283600964e-010	-3.065737e-014	0.000000e+000	0.000000e+000	3.000000e+000	-1.332022e-015	2.500000e-006	7.920766e-006	0.000000e+000	7.900000e-006
6.113727283601278e-010	-2.997868e-014	0.000000e+000	0.000000e+000	3.000000e+000	-1.332022e-015	2.500000e-006	7.920766e-006	0.000000e+000	7.900000e-006
7.137727283601592e-010	-2.929940e-014	0.000000e+000	0.000000e+000	3.000000e+000	-1.332022e-015	2.500000e-006	7.920766e-006	0.000000e+000	7.900000e-006
8.161727283601906e-010	-2.862295e-014	0.000000e+000	0.000000e+000	3.000000e+000	-1.332022e-015	2.500000e-006	7.920766e-006	0.000000e+000	7.900000e-006
9.185727283602220e-010	-2.793587e-014	0.000000e+000	0.000000e+000	3.000000e+000	-1.332022e-015	2.500000e-006	7.920766e-006	0.000000e+000	7.900000e-006
1.020972728360253e-009	-2.725620e-014	0.000000e+000	0.000000e+000	3.000000e+000	-1.332022e-015	2.500000e-006	7.920766e-006	0.000000e+000	7.900000e-006
1.123372728360285e-009	-2.657620e-014	0.000000e+000	0.000000e+000	3.000000e+000	-1.332022e-015	2.500000e-006	7.920766e-006	0.000000e+000	7.900000e-006
1.225772728360316e-009	-2.590661e-014	0.000000e+000	0.000000e+000	3.000000e+000	-1.332022e-015	2.500000e-006	7.920766e-006	0.000000e+000	7.900000e-006
1.328172728360348e-009	-2.522927e-014	0.000000e+000	0.000000e+000	3.000000e+000	-1.332022e-015	2.500000e-006	7.920766e-006	0.000000e+000	7.900000e-006
1.430572728360379e-009	-2.455473e-014	0.000000e+000	0.000000e+000	3.000000e+000	-1.332022e-015	2.500000e-006	7.920766e-006	0.000000e+000	7.900000e-006
1.532972728360411e-009	-2.386240e-014	0.000000e+000	0.000000e+000	3.000000e+000	-1.332022e-015	2.500000e-006	7.920766e-006	0.000000e+000	7.900000e-006
1.635372728360442e-009	-2.319408e-014	0.000000e+000	0.000000e+000	3.000000e+000	-1.332022e-015	2.500000e-006	7.920766e-006	0.000000e+000	7.900000e-006
1.737772728360473e-009	-2.252178e-014	0.000000e+000	0.000000e+000	3.000000e+000	-1.332022e-015	2.500000e-006	7.920766e-006	0.000000e+000	7.900000e-006
1.840172728360505e-009	-2.185321e-014	0.000000e+000	0.000000e+000	3.000000e+000	-1.332022e-015	2.500000e-006	7.920766e-006	0.000000e+000	7.900000e-006
1.942572728360536e-009	-2.116813e-014	0.000000e+000	0.000000e+000	3.000000e+000	-1.332022e-015	2.500000e-006	7.920766e-006	0.000000e+000	7.900000e-006
2.000000000000000e-009	-2.079443e-014	0.000000e+000	0.000000e+000	3.000000e+000	-1.332259e-015	2.500000e-006	7.920766e-006	0.000000e+000	7.900000e-006
2.000000293227206e-009	1.583364e-007	0.000000e+000	0.000000e+000	3.004044e+000	4.043774e-003	2.498892e-006	7.916073e-006	3.757092e-006	7.898417e-006
2.000000879681617e-009	6.646577e-007	0.000000e+000	0.000000e+000	3.027737e+000	2.773725e-002	2.495356e-006	7.901082e-006	1.127128e-005	7.893354e-006
2.000000950345022e-009	7.395828e-007	0.000000e+000	0.000000e+000	3.030812e+000	3.081202e-002	2.494835e-006	7.898867e-006	1.217668e-005	7.892604e-006
2.000000987967646e-009	7.821039e-007	-1.528528e-009	-5.509948e-012	3.032622e+000	3.262186e-002	2.494540e-006	7.897611e-006	1.265873e-005	7.892179e-006
2.000001025590272e-009	8.257525e-007	-2.350293e-009	-8.472194e-012	3.034469e+000	3.446910e-002	2.494238e-006	7.896323e-006	1.314079e-005	7.891743e-006
2.000001063212896e-009	8.705285e-007	-2.465292e-009	-8.886738e-012	3.036354e+000	3.635374e-002	2.493927e-006	7.895001e-006	1.362284e-005	7.891295e-006
2.000001100835522e-009	9.164319e-007	-1.873527e-009	-6.753580e-012	3.038276e+000	3.827579e-002	2.493610e-006	7.893648e-006	1.410490e-005	7.890836e-006
2.000001138458146e-009	9.634627e-007	-5.749981e-010	-2.072719e-012	3.040235e+000	4.023524e-002	2.493284e-006	7.892261e-006	1.458695e-005	7.890366e-006
2.000001176080772e-009	1.011621e-006	1.430296e-009	5.155844e-012	3.042232e+000	4.223209e-002	2.492952e-006	7.890842e-006	1.506901e-005	7.889884e-006
2.000001213703396e-009	1.060907e-006	4.142354e-009	1.493211e-011	3.044266e+000	4.426634e-002	2.492611e-006	7.889390e-006	1.555106e-005	7.889391e-006
2.000013294861227e-009	4.002778e-006	9.897016e-001	4.384729e-003	3.151739e+000	1.517391e-001	2.472812e-006	7.803715e-006	8.993402e-005	7.859972e-006
2.000013548927955e-009	4.332592e-006	1.000000e+000	5.273814e-003	3.175426e+000	1.754265e-001	2.470651e-006	7.794229e-006	8.906341e-005	7.856674e-006
2.000013858213121e-009	5.034592e-006	1.000000e+000	7.307362e-003	3.202589e+000	2.025890e-001	2.466089e-006	7.774115e-006	8.510058e-005	7.849654e-006
2.000014226163416e-009	5.810930e-006	1.000000e+000	9.729785e-003	3.232638e+000	2.326377e-001	2.461107e-006	7.752005e-006	8.038606e-005	7.841891e-006
2.000014841677757e-009	6.983126e-006	1.000000e+000	1.378815e-002	3.276940e+000	2.769398e-001	2.453693e-006	7.718857e-006	7.249953e-005	7.830168e-006
2.000015546434536e-009	8.166287e-006	1.000000e+000	1.844230e-002	3.320362e+000	3.203617e-001	2.446324e-006	7.685654e-006	6.346955e-005	7.818337e-006
2.000016271440817e-009	9.206939e-006	1.000000e+000	2.323768e-002	3.357767e+000	3.577675e-001	2.439942e-006	7.656677e-006	5.418012e-005	7.807930e-006
2.000017009820943e-009	1.008278e-005	1.000000e+000	2.812811e-002	3.388717e+000	3.887171e-001	2.434644e-006	7.632455e-006	4.471933e-005	7.799173e-006
2.000017750126594e-009	1.077514e-005	1.000000e+000	3.303660e-002	3.412867e+000	4.128666e-001	2.430500e-006	7.613416e-006	3.523386e-005	7.792249e-006
2.000018492894997e-009	1.128274e-005	1.000000e+000	3.796546e-002	3.430395e+000	4.303949e-001	2.427488e-006	7.599518e-006	2.571684e-005	7.787173e-006
2.000019234891357e-009	1.162229e-005	1.000000e+000	4.289187e-002	3.441370e+000	4.413704e-001	2.425484e-006	7.590249e-006	1.620971e-005	7.783778e-006
2.000019757289058e-009	1.174309e-005	1.000000e+000	4.636137e-002	3.445896e+000	4.458964e-001	2.424774e-006	7.586957e-006	9.516283e-006	7.782569e-006
2.000020500000000e-009	1.178196e-005	1.000000e+000	5.129473e-002	3.445896e+000	4.458963e-001	2.424545e-006	7.585898e-006	2.314646e-006	7.782181e-006
2.000021203546631e-009	1.178196e-005	1.000000e+000	5.596803e-002	3.445896e+000	4.458961e-001	2.424545e-006	7.585898e-006	3.244463e-016	7.782181e-006
2.004802573141126e-009	1.206799e-005	1.000000e+000	3.182819e+001	3.450188e+000	4.501878e-001	2.423823e-006	7.582731e-006	1.789785e-016	7.779320e-006
2.009583942735621e-009	1.287895e-005	1.000000e+000	6.358330e+001	3.461886e+000	4.618857e-001	2.421813e-006	7.573409e-006	6.655014e-017	7.771211e-006
2.014365312330116e-009	1.421482e-005	1.000000e+000	9.532128e+001	3.480990e+000	4.809901e-001	2.418515e-006	7.557934e-006	-1.283876e-017	7.757852e-006
2.019146681924610e-009	1.607562e-005	1.000000e+000	1.270421e+002	3.507501e+000	5.075007e-001	2.413929e-006	7.536304e-006	-5.918823e-017	7.739244e-006
2.023928051519106e-009	1.846134e-005	1.000000e+000	1.587459e+002	3.541418e+000	5.414178e-001	2.408054e-006	7.508521e-006	-7.249826e-017	7.715387e-006
2.028709421113600e-009	2.137198e-005	1.000000e+000	1.904325e+002	3.582741e+000	5.827412e-001	2.400892e-006	7.474583e-006	-5.276885e-017	7.686280e-006
2.033490790708095e-009	2.480754e-005	1.000000e+000	2.221020e+002	3.631471e+000	6.314709e-001	2.392441e-006	7.434491e-006	0.000000e+000	7.651925e-006
2.037541796503591e-009	2.806261e-005	1.000000e+000	2.488915e+002	3.676075e+000	6.760753e-001	2.384660e-006	7.397074e-006	0.000000e+000	7.619374e-006
2.042585314000201e-009	3.263912e-005	1.000000e+000	2.822297e+002	3.738264e+000	7.382643e-001	2.373792e-006	7.344508e-006	0.000000e+000	7.573609e-006
2.047628831496811e-009	3.763206e-005	1.000000e+000	3.154748e+002	3.803400e+000	8.034003e-001	2.362331e-006	7.288364e-006	0.000000e+000	7.523679e-006
2.052672348993420e-009	4.304145e-005	1.000000e+000	3.486267e+002	3.871484e+000	8.714835e-001	2.350277e-006	7.228642e-006	0.000000e+000	7.469585e-006
2.057715866490029e-009	4.886727e-005	1.000000e+000	3.816855e+002	3.942514e+000	9.425136e-001	2.337632e-006	7.165342e-006	0.000000e+000	7.411327e-006
2.062759383986639e-009	5.510952e-005	1.000000e+000	4.146510e+002	4.016491e+000	1.016491e+000	2.324394e-006	7.098464e-006	0.000000e+000	7.348905e-006
2.067802901483249e-009	6.176822e-005	1.000000e+000	4.475234e+002	4.093415e+000	1.093415e+000	2.310563e-006	7.028007e-006	0.000000e+000	7.282318e-006
2.072846418979858e-009	6.884335e-005	1.000000e+000	4.803026e+002	4.173286e+000	1.173287e+000	2.296141e-006	6.953972e-006	0.000000e+000	7.211567e-006
2.078936025165645e-009	7.783416e-005	1.000000e+000	5.197189e+002	4.270230e+000	1.270230e+000	2.278479e-006	6.862009e-006	0.000000e+000	7.121658e-006
2.085025631351432e-009	8.714831e-005	1.000000e+000	5.588346e+002	4.366326e+000	1.366326e+000	2.260836e-006	6.769368e-006	0.000000e+000	7.028517e-006
2.091115237537220e-009	9.678579e-005	1.000000e+000	5.976496e+002	4.461576e+000	1.461575e+000	2.243214e-006	6.676050e-006	0.000000e+000	6.932142e-006
2.097204843723006e-009	1.067466e-004	1.000000e+000	6.361639e+002	4.555978e+000	1.555978e+000	2.225611e-006	6.582055e-006	0.000000e+000	6.832534e-006
2.103294449908793e-009	1.170308e-004	1.000000e+000	6.743776e+002	4.649533e+000	1.649533e+000	2.208028e-006	6.487383e-006	0.000000e+000	6.729692e-006
2.109384056094580e-009	1.276382e-004	1.000000e+000	7.122906e+002	4.742241e+000	1.742241e+000	2.190464e-006	6.392034e-006	0.000000e+000	6.623618e-006
2.115473662280368e-009	1.385691e-004	1.000000e+000	7.499030e+002	4.834102e+000	1.834102e+000	2.172920e-006	6.296008e-006	0.000000e+000	6.514309e-006
2.115544057844814e-009	1.386956e-004	1.000000e+000	7.503347e+002	4.835139e+000	1.835139e+000	2.172721e-006	6.294918e-006	0.000000e+000	6.513044e-006
2.125561158757868e-009	1.571443e-004	1.000000e+000	8.114835e+002	4.980365e+000	1.980365e+000	2.144588e-006	6.139408e-006	0.000000e+000	6.328557e-006
2.135578259670922e-009	1.758089e-004	1.000000e+000	8.711823e+002	5.118430e+000	2.118430e+000	2.117594e-006	5.989760e-006	0.000000e+000	6.141911e-006
2.145595360583976e-009	1.946892e-004	1.000000e+000	9.294314e+002	5.249335e+000	2.249335e+000	2.091740e-006	5.845972e-006	0.000000e+000	5.953108e-006
2.155612461497030e-009	2.137853e-004	1.000000e+000	9.862306e+002	5.373079e+000	2.373078e+000	2.067025e-006	5.708044e-006	0.000000e+000	5.762147e-006
2.165629562410084e-009	2.330971e-004	1.000000e+000	1.041580e+003	5.489662e+000	2.489661e+000	2.043450e-006	5.575978e-006	0.000000e+000	5.569029e-006
2.175646663323137e-009	2.526247e-004	1.000000e+000	1.095479e+003	5.599084e+000	2.599084e+000	2.021015e-006	5.449772e-006	0.000000e+000	5.373753e-006
2.185663764236191e-009	2.723681e-004	1.000000e+000	1.147929e+003	5.701345e+000	2.701345e+000	1.999720e-006	5.329427e-006	0.000000e+000	5.176319e-006
2.185730925856606e-009	2.724996e-004	1.000000e+000	1.148273e+003	5.702005e+000	2.702005e+000	1.999582e-006	5.328653e-006	0.000000e+000	5.175004e-006
2.195515779764647e-009	2.917355e-004	1.000000e+000	1.197710e+003	5.794151e+000	2.794151e+000	1.980215e-006	5.219670e-006	0.000000e+000	4.982645e-006
2.205300633672688e-009	3.108925e-004	1.000000e+000	1.245136e+003	5.880166e+000	2.880166e+000	1.962035e-006	5.117487e-006	0.000000e+000	4.791075e-006
2.215085487580729e-009	3.299705e-004	1.000000e+000	1.290551e+003	5.960050e+000	2.960051e+000	1.945042e-006	5.022104e-006	0.000000e+000	4.600295e-006
2.224870341488770e-009	3.489696e-004	1.000000e+000	1.333955e+003	6.033804e+000	3.033804e+000	1.929236e-006	4.933521e-006	0.000000e+000	4.410304e-006
2.234655195396811e-009	3.678897e-004	1.000000e+000	1.375348e+003	6.101427e+000	3.101428e+000	1.914617e-006	4.851738e-006	0.000000e+000	4.221103e-006
2.244440049304852e-009	3.867309e-004	1.000000e+000	1.414730e+003	6.162920e+000	3.162920e+000	1.901186e-006	4.776755e-006	0.000000e+000	4.032691e-006
2.254224903212892e-009	4.054931e-004	1.000000e+000	1.452101e+003	6.218282e+000	3.218282e+000	1.888941e-006	4.708572e-006	0.000000e+000	3.845068e-006
2.254293211212900e-009	4.056228e-004	1.000000e+000	1.452353e+003	6.218653e+000	3.218653e+000	1.888859e-006	4.708116e-006	0.000000e+000	3.843772e-006
2.266349872460370e-009	4.286019e-004	1.000000e+000	1.495250e+003	6.279034e+000	3.279034e+000	1.875443e-006	4.633690e-006	0.000000e+000	3.613981e-006
2.278406533707839e-009	4.508674e-004	1.000000e+000	1.534304e+003	6.333297e+000	3.333297e+000	1.863354e-006	4.566706e-006	0.000000e+000	3.391326e-006
2.290463194955309e-009	4.724193e-004	1.000000e+000	1.569513e+003	6.381444e+000	3.381444e+000	1.852591e-006	4.507165e-006	0.000000e+000	3.175807e-006
2.302519856202779e-009	4.932576e-004	1.000000e+000	1.600879e+003	6.423474e+000	3.423474e+000	1.843154e-006	4.455067e-006	0.000000e+000	2.967424e-006
2.314576517450248e-009	5.133824e-004	1.000000e+000	1.628401e+003	6.459387e+000	3.459387e+000	1.835044e-006	4.410411e-006	0.000000e+000	2.766176e-006
2.326633178697718e-009	5.327936e-004	1.000000e+000	1.652078e+003	6.489184e+000	3.489183e+000	1.828261e-006	4.373198e-006	0.000000e+000	2.572064e-006
2.338689839945187e-009	5.514913e-004	1.000000e+000	1.671912e+003	6.512863e+000	3.512863e+000	1.822804e-006	4.343427e-006	0.000000e+000	2.385087e-006
2.338789839945187e-009	5.516395e-004	1.000000e+000	1.672056e+003	6.513053e+000	3.513053e+000	1.822760e-006	4.343188e-006	0.000000e+000	2.383605e-006
2.345070659621314e-009	5.608115e-004	1.000000e+000	1.680659e+003	6.524290e+000	3.524290e+000	1.820188e-006	4.329122e-006	0.000000e+000	2.291885e-006
2.351351479297440e-009	5.696685e-004	1.000000e+000	1.687978e+003	6.534640e+000	3.534640e+000	1.817817e-006	4.316160e-006	0.000000e+000	2.203315e-006
2.357632298973567e-009	5.782104e-004	1.000000e+000	1.694012e+003	6.544104e+000	3.544104e+000	1.815648e-006	4.304304e-006	0.000000e+000	2.117896e-006
2.363913118649693e-009	5.864373e-004	1.000000e+000	1.698762e+003	6.552683e+000	3.552683e+000	1.813679e-006	4.293554e-006	0.000000e+000	2.035627e-006
2.370193938325819e-009	5.943492e-004	1.000000e+000	1.702228e+003	6.560375e+000	3.560375e+000	1.811912e-006	4.283908e-006	0.000000e+000	1.956508e-006
2.376474758001946e-009	6.019460e-004	1.000000e+000	1.704410e+003	6.567182e+000	3.567182e+000	1.810346e-006	4.275368e-006	0.000000e+000	1.880540e-006
2.382755577678072e-009	6.092279e-004	1.000000e+000	1.705308e+003	6.573103e+000	3.573103e+000	1.808982e-006	4.267933e-006	0.000000e+000	1.807722e-006
2.382825770419356e-009	6.093073e-004	1.000000e+000	1.705308e+003	6.573167e+000	3.573167e+000	1.808967e-006	4.267853e-006	0.000000e+000	1.806927e-006
2.382895942036643e-009	6.093867e-004	1.000000e+000	1.705308e+003	6.573231e+000	3.573231e+000	1.808952e-006	4.267773e-006	0.000000e+000	1.806133e-006
2.382969845921402e-009	6.094703e-004	1.000000e+000	1.705307e+003	6.573298e+000	3.573298e+000	1.808937e-006	4.267688e-006	0.000000e+000	1.805297e-006
2.383060024775929e-009	6.095722e-004	1.000000e+000	1.705306e+003	6.573380e+000	3.573379e+000	1.808918e-006	4.267586e-006	0.000000e+000	1.804278e-006
2.383160024775930e-009	6.096851e-004	1.000000e+000	1.705304e+003	6.573470e+000	3.573470e+000	1.808897e-006	4.267472e-006	0.000000e+000	1.803149e-006
2.383260024775930e-009	6.097980e-004	1.000000e+000	1.705302e+003	6.573560e+000	3.573560e+000	1.808876e-006	4.267359e-006	0.000000e+000	1.802020e-006
2.383360024775930e-009	6.099108e-004	1.000000e+000	1.705298e+003	6.573650e+000	3.573650e+000	1.808855e-006	4.267246e-006	0.000000e+000	1.800892e-006
2.383460024775930e-009	6.100235e-004	1.000000e+000	1.705294e+003	6.573740e+000	3.573740e+000	1.808835e-006	4.267133e-006	0.000000e+000	1.799765e-006
2.383560024775930e-009	6.101361e-004	1.000000e+000	1.705289e+003	6.573830e+000	3.573830e+000	1.808814e-006	4.267020e-006	0.000000e+000	1.798639e-006
2.383660024775930e-009	6.102487e-004	1.000000e+000	1.705283e+003	6.573920e+000	3.573920e+000	1.808793e-006	4.266908e-006	0.000000e+000	1.797514e-006
2.383760024775930e-009	6.103611e-004	1.000000e+000	1.705277e+003	6.574009e+000	3.574009e+000	1.808773e-006	4.266795e-006	0.000000e+000	1.796389e-006
2.383860024775930e-009	6.104734e-004	1.000000e+000	1.705269e+003	6.574098e+000	3.574098e+000	1.808752e-006	4.266683e-006	0.000000e+000	1.795265e-006
2.383960024775930e-009	6.105858e-004	1.000000e+000	1.705261e+003	6.574187e+000	3.574188e+000	1.808732e-006	4.266572e-006	0.000000e+000	1.794142e-006
2.384060024775930e-009	6.106980e-004	1.000000e+000	1.705252e+003	6.574276e+000	3.574276e+000	1.808711e-006	4.266460e-006	0.000000e+000	1.793020e-006
2.384160024775930e-009	6.108101e-004	1.000000e+000	1.705243e+003	6.574365e+000	3.574365e+000	1.808691e-006	4.266348e-006	0.000000e+000	1.791899e-006
2.384260024775930e-009	6.109222e-004	1.000000e+000	1.705232e+003	6.574454e+000	3.574454e+000	1.808670e-006	4.266237e-006	0.000000e+000	1.790778e-006
2.384360024775930e-009	6.110341e-004	1.000000e+000	1.705221e+003	6.574542e+000	3.574542e+000	1.808650e-006	4.266126e-006	0.000000e+000	1.789659e-006
2.384460024775930e-009	6.111460e-004	1.000000e+000	1.705209e+003	6.574630e+000	3.574630e+000	1.808630e-006	4.266015e-006	0.000000e+000	1.788540e-006
2.384560024775930e-009	6.112579e-004	1.000000e+000	1.705196e+003	6.574718e+000	3.574718e+000	1.808609e-006	4.265905e-006	0.000000e+000	1.787422e-006
2.384660024775930e-009	6.113696e-004	1.000000e+000	1.705183e+003	6.574806e+000	3.574806e+000	1.808589e-006	4.265794e-006	0.000000e+000	1.786305e-006
2.384760024775930e-009	6.114811e-004	1.000000e+000	1.705168e+003	6.574894e+000	3.574894e+000	1.808569e-006	4.265684e-006	0.000000e+000	1.785188e-006
2.384960024775930e-009	6.117042e-004	1.000000e+000	1.705137e+003	6.575069e+000	3.575069e+000	1.808529e-006	4.265465e-006	0.000000e+000	1.782958e-006
2.385160024775930e-009	6.119269e-004	1.000000e+000	1.705103e+003	6.575243e+000	3.575243e+000	1.808488e-006	4.265245e-006	0.000000e+000	1.780731e-006
2.385360024775930e-009	6.121492e-004	1.000000e+000	1.705065e+003	6.575417e+000	3.575417e+000	1.808448e-006	4.265028e-006	0.000000e+000	1.778507e-006
2.385560024775930e-009	6.123713e-004	1.000000e+000	1.705025e+003	6.575590e+000	3.575590e+000	1.808409e-006	4.264810e-006	0.000000e+000	1.776287e-006
2.385760024775930e-009	6.125930e-004	1.000000e+000	1.704981e+003	6.575762e+000	3.575763e+000	1.808369e-006	4.264594e-006	0.000000e+000	1.774070e-006
2.386060024775930e-009	6.129249e-004	1.000000e+000	1.704909e+003	6.576020e+000	3.576020e+000	1.808310e-006	4.264271e-006	0.000000e+000	1.770751e-006
2.386360024775930e-009	6.132561e-004	1.000000e+000	1.704830e+003	6.576275e+000	3.576275e+000	1.808251e-006	4.263950e-006	0.000000e+000	1.767439e-006
2.386660024775931e-009	6.135866e-004	1.000000e+000	1.704744e+003	6.576530e+000	3.576530e+000	1.808192e-006	4.263631e-006	0.000000e+000	1.764134e-006
2.386960024775931e-009	6.139163e-004	1.000000e+000	1.704650e+003	6.576782e+000	3.576782e+000	1.808134e-006	4.263314e-006	0.000000e+000	1.760837e-006
2.387888596204503e-009	6.149322e-004	1.000000e+000	1.704317e+003	6.577555e+000	3.577555e+000	1.807956e-006	4.262344e-006	0.000000e+000	1.750679e-006
2.388817167633074e-009	6.159408e-004	1.000000e+000	1.703910e+003	6.578314e+000	3.578314e+000	1.807781e-006	4.261391e-006	0.000000e+000	1.740592e-006
2.389745739061646e-009	6.169422e-004	1.000000e+000	1.703430e+003	6.579059e+000	3.579059e+000	1.807609e-006	4.260455e-006	0.000000e+000	1.730578e-006
2.390674310490217e-009	6.179364e-004	1.000000e+000	1.702877e+003	6.579791e+000	3.579791e+000	1.807440e-006	4.259536e-006	0.000000e+000	1.720636e-006
2.391602881918789e-009	6.189234e-004	1.000000e+000	1.702250e+003	6.580509e+000	3.580509e+000	1.807275e-006	4.258634e-006	0.000000e+000	1.710766e-006
2.392531453347361e-009	6.199032e-004	1.000000e+000	1.701551e+003	6.581213e+000	3.581213e+000	1.807113e-006	4.257750e-006	0.000000e+000	1.700968e-006
2.393460024775933e-009	6.208757e-004	1.000000e+000	1.700778e+003	6.581904e+000	3.581904e+000	1.806953e-006	4.256882e-006	0.000000e+000	1.691243e-006
2.394931453347362e-009	6.224021e-004	1.000000e+000	1.699406e+003	6.582971e+000	3.582971e+000	1.806707e-006	4.255543e-006	0.000000e+000	1.675979e-006
2.396402881918791e-009	6.239099e-004	1.000000e+000	1.697823e+003	6.584006e+000	3.584006e+000	1.806468e-006	4.254242e-006	0.000000e+000	1.660901e-006
2.397874310490220e-009	6.253994e-004	1.000000e+000	1.696027e+003	6.585010e+000	3.585010e+000	1.806237e-006	4.252981e-006	0.000000e+000	1.646006e-006
2.399345739061649e-009	6.268703e-004	1.000000e+000	1.694020e+003	6.585983e+000	3.585983e+000	1.806012e-006	4.251759e-006	0.000000e+000	1.631297e-006
2.400817167633078e-009	6.283228e-004	1.000000e+000	1.691800e+003	6.586925e+000	3.586925e+000	1.805795e-006	4.250576e-006	0.000000e+000	1.616772e-006
2.402288596204507e-009	6.297568e-004	1.000000e+000	1.689369e+003	6.587836e+000	3.587836e+000	1.805585e-006	4.249432e-006	0.000000e+000	1.602432e-006
2.403760024775936e-009	6.311723e-004	1.000000e+000	1.686726e+003	6.588715e+000	3.588715e+000	1.805382e-006	4.248327e-006	0.000000e+000	1.588277e-006
2.405545739061651e-009	6.328653e-004	1.000000e+000	1.683235e+003	6.589742e+000	3.589742e+000	1.805145e-006	4.247036e-006	0.000000e+000	1.571347e-006
2.407331453347365e-009	6.345304e-004	1.000000e+000	1.679331e+003	6.590729e+000	3.590729e+000	1.804917e-006	4.245796e-006	0.000000e+000	1.554696e-006
2.409117167633080e-009	6.361676e-004	1.000000e+000	1.675016e+003	6.591675e+000	3.591676e+000	1.804699e-006	4.244607e-006	0.000000e+000	1.538324e-006
2.410902881918795e-009	6.377770e-004	1.000000e+000	1.670288e+003	6.592582e+000	3.592582e+000	1.804489e-006	4.243469e-006	0.000000e+000	1.522230e-006
2.412688596204510e-009	6.393585e-004	1.000000e+000	1.665149e+003	6.593447e+000	3.593448e+000	1.804289e-006	4.242381e-006	0.000000e+000	1.506415e-006
2.414474310490225e-009	6.409121e-004	1.000000e+000	1.659598e+003	6.594273e+000	3.594273e+000	1.804099e-006	4.241343e-006	0.000000e+000	1.490879e-006
2.416260024775940e-009	6.424378e-004	1.000000e+000	1.653635e+003	6.595058e+000	3.595058e+000	1.803917e-006	4.240357e-006	0.000000e+000	1.475621e-006
2.417837295515929e-009	6.437622e-004	1.000000e+000	1.648002e+003	6.595721e+000	3.595721e+000	1.803764e-006	4.239524e-006	0.000000e+000	1.462378e-006
2.419414566255919e-009	6.450638e-004	1.000000e+000	1.641855e+003	6.596356e+000	3.596356e+000	1.803618e-006	4.238726e-006	0.000000e+000	1.449361e-006
2.420991836995908e-009	6.463428e-004	1.000000e+000	1.635192e+003	6.596963e+000	3.596963e+000	1.803477e-006	4.237962e-006	0.000000e+000	1.436572e-006
2.422569107735898e-009	6.475991e-004	1.000000e+000	1.628015e+003	6.597543e+000	3.597543e+000	1.803343e-006	4.237234e-006	0.000000e+000	1.424009e-006
2.424146378475887e-009	6.488327e-004	1.000000e+000	1.620322e+003	6.598094e+000	3.598094e+000	1.803216e-006	4.236540e-006	0.000000e+000	1.411674e-006
2.425723649215877e-009	6.500435e-004	1.000000e+000	1.612115e+003	6.598619e+000	3.598619e+000	1.803095e-006	4.235881e-006	0.000000e+000	1.399565e-006
2.427300919955866e-009	6.512317e-004	1.000000e+000	1.603393e+003	6.599115e+000	3.599115e+000	1.802980e-006	4.235257e-006	0.000000e+000	1.387683e-006
2.427353034354383e-009	6.512706e-004	1.000000e+000	1.603090e+003	6.599131e+000	3.599131e+000	1.802976e-006	4.235237e-006	0.000000e+000	1.387295e-006
2.428665994329752e-009	6.522415e-004	1.000000e+000	1.595431e+003	6.599524e+000	3.599524e+000	1.802886e-006	4.234743e-006	0.000000e+000	1.377585e-006
2.429978954305121e-009	6.531951e-004	1.000000e+000	1.587014e+003	6.599899e+000	3.599899e+000	1.802799e-006	4.234272e-006	0.000000e+000	1.368049e-006
2.431291914280490e-009	6.541313e-004	1.000000e+000	1.577839e+003	6.600256e+000	3.600256e+000	1.802716e-006	4.233823e-006	0.000000e+000	1.358687e-006
2.432604874255859e-009	6.550501e-004	1.000000e+000	1.567906e+003	6.600595e+000	3.600595e+000	1.802638e-006	4.233397e-006	0.000000e+000	1.349499e-006
2.433917834231229e-009	6.559515e-004	1.000000e+000	1.557215e+003	6.600916e+000	3.600916e+000	1.802564e-006	4.232993e-006	0.000000e+000	1.340485e-006
2.435230794206597e-009	6.568355e-004	1.000000e+000	1.545765e+003	6.601219e+000	3.601219e+000	1.802494e-006	4.232612e-006	0.000000e+000	1.331645e-006
2.436543754181967e-009	6.577021e-004	1.000000e+000	1.533558e+003	6.601504e+000	3.601504e+000	1.802428e-006	4.232254e-006	0.000000e+000	1.322979e-006
2.437318440561734e-009	6.582047e-004	1.000000e+000	1.525986e+003	6.601664e+000	3.601664e+000	1.802391e-006	4.232052e-006	0.000000e+000	1.317953e-006
2.438093126941501e-009	6.586996e-004	1.000000e+000	1.517561e+003	6.601818e+000	3.601818e+000	1.802355e-006	4.231859e-006	0.000000e+000	1.313004e-006
2.438867813321268e-009	6.591870e-004	1.000000e+000	1.508283e+003	6.601965e+000	3.601965e+000	1.802321e-006	4.231675e-006	0.000000e+000	1.308130e-006
2.439642499701035e-009	6.596667e-004	1.000000e+000	1.498151e+003	6.602105e+000	3.602105e+000	1.802289e-006	4.231498e-006	0.000000e+000	1.303333e-006
2.440417186080802e-009	6.601388e-004	1.000000e+000	1.487167e+003	6.602238e+000	3.602239e+000	1.802258e-006	4.231331e-006	0.000000e+000	1.298612e-006
2.441191872460569e-009	6.606033e-004	1.000000e+000	1.475329e+003	6.602365e+000	3.602365e+000	1.802229e-006	4.231171e-006	0.000000e+000	1.293967e-006
2.441966558840337e-009	6.610602e-004	1.000000e+000	1.462638e+003	6.602486e+000	3.602486e+000	1.802201e-006	4.231020e-006	0.000000e+000	1.289398e-006
2.442293681861120e-009	6.612504e-004	1.000000e+000	1.457042e+003	6.602534e+000	3.602534e+000	1.802190e-006	4.230959e-006	0.000000e+000	1.287496e-006
2.442620804881903e-009	6.614384e-004	1.000000e+000	1.450616e+003	6.602581e+000	3.602581e+000	1.802179e-006	4.230899e-006	0.000000e+000	1.285616e-006
2.442947927902687e-009	6.616244e-004	1.000000e+000	1.443359e+003	6.602627e+000	3.602627e+000	1.802168e-006	4.230842e-006	0.000000e+000	1.283756e-006
2.443275050923470e-009	6.618082e-004	1.000000e+000	1.435272e+003	6.602671e+000	3.602671e+000	1.802158e-006	4.230787e-006	0.000000e+000	1.281918e-006
2.443602173944254e-009	6.619899e-004	1.000000e+000	1.426355e+003	6.602713e+000	3.602713e+000	1.802148e-006	4.230733e-006	0.000000e+000	1.280101e-006
2.443929296965037e-009	6.621696e-004	1.000000e+000	1.416608e+003	6.602754e+000	3.602754e+000	1.802139e-006	4.230682e-006	0.000000e+000	1.278305e-006
2.444256419985820e-009	6.623471e-004	1.000000e+000	1.406030e+003	6.602794e+000	3.602794e+000	1.802130e-006	4.230632e-006	0.000000e+000	1.276530e-006
2.444340486587237e-009	6.623922e-004	1.000000e+000	1.403251e+003	6.602803e+000	3.602803e+000	1.802128e-006	4.230620e-006	0.000000e+000	1.276078e-006
2.444424553188653e-009	6.624370e-004	1.000000e+000	1.399843e+003	6.602813e+000	3.602813e+000	1.802125e-006	4.230608e-006	0.000000e+000	1.275630e-006
2.444508619790070e-009	6.624814e-004	1.000000e+000	1.395808e+003	6.602822e+000	3.602822e+000	1.802123e-006	4.230596e-006	0.000000e+000	1.275186e-006
2.444592686391487e-009	6.625255e-004	1.000000e+000	1.391144e+003	6.602832e+000	3.602832e+000	1.802121e-006	4.230585e-006	0.000000e+000	1.274745e-006
2.444676752992903e-009	6.625693e-004	1.000000e+000	1.385852e+003	6.602841e+000	3.602841e+000	1.802119e-006	4.230573e-006	0.000000e+000	1.274307e-006
2.444760819594320e-009	6.626128e-004	1.000000e+000	1.379932e+003	6.602849e+000	3.602850e+000	1.802117e-006	4.230562e-006	0.000000e+000	1.273872e-006
2.444844886195736e-009	6.626559e-004	1.000000e+000	1.373384e+003	6.602858e+000	3.602858e+000	1.802115e-006	4.230551e-006	0.000000e+000	1.273441e-006
2.444857090103745e-009	6.626621e-004	1.000000e+000	1.372326e+003	6.602859e+000	3.602860e+000	1.802115e-006	4.230550e-006	0.000000e+000	1.273379e-006
2.444869294011755e-009	6.626682e-004	1.000000e+000	1.370714e+003	6.602861e+000	3.602861e+000	1.802114e-006	4.230548e-006	0.000000e+000	1.273318e-006
2.444881497919764e-009	6.626742e-004	1.000000e+000	1.368548e+003	6.602862e+000	3.602862e+000	1.802114e-006	4.230547e-006	0.000000e+000	1.273258e-006
2.444893701827774e-009	6.626802e-004	1.000000e+000	1.365828e+003	6.602863e+000	3.602863e+000	1.802114e-006	4.230545e-006	0.000000e+000	1.273198e-006
2.444905905735783e-009	6.626860e-004	1.000000e+000	1.362553e+003	6.602864e+000	3.602864e+000	1.802114e-006	4.230544e-006	0.000000e+000	1.273140e-006
2.444918109643792e-009	6.626918e-004	1.000000e+000	1.358725e+003	6.602865e+000	3.602866e+000	1.802113e-006	4.230542e-006	0.000000e+000	1.273082e-006
2.444930313551802e-009	6.626974e-004	1.000000e+000	1.354342e+003	6.602867e+000	3.602867e+000	1.802113e-006	4.230541e-006	0.000000e+000	1.273026e-006
2.449059385018051e-009	6.629633e-004	1.000000e+000	3.534663e+001	6.602191e+000	3.602191e+000	1.802269e-006	4.231390e-006	0.000000e+000	1.270368e-006
2.449103037411893e-009	6.629484e-004	1.000000e+000	2.141478e+001	6.602172e+000	3.602172e+000	1.802273e-006	4.231414e-006	0.000000e+000	1.270516e-006
2.449148574631982e-009	6.629321e-004	5.042903e-001	3.533652e+000	6.602153e+000	3.602153e+000	1.802278e-006	4.231438e-006	0.000000e+000	1.270679e-006
2.449148968749621e-009	6.629317e-004	1.853714e-001	1.276015e+000	6.602153e+000	3.602153e+000	1.802278e-006	4.231438e-006	0.000000e+000	1.270683e-006
2.449149200953997e-009	6.629315e-004	0.000000e+000	0.000000e+000	6.602153e+000	3.602153e+000	1.802278e-006	4.231438e-006	0.000000e+000	1.270685e-006
2.454900134806588e-009	6.611081e-004	0.000000e+000	0.000000e+000	6.598691e+000	3.598691e+000	1.803078e-006	4.235790e-006	0.000000e+000	1.288919e-006
2.557300134806619e-009	6.298022e-004	0.000000e+000	0.000000e+000	6.536676e+000	3.536676e+000	1.817353e-006	4.313614e-006	0.000000e+000	1.601978e-006
2.659700134806650e-009	6.005984e-004	0.000000e+000	0.000000e+000	6.473938e+000	3.473938e+000	1.831680e-006	4.392070e-006	0.000000e+000	1.894016e-006
2.762100134806682e-009	5.733406e-004	0.000000e+000	0.000000e+000	6.410462e+000	3.410462e+000	1.846063e-006	4.471149e-006	0.000000e+000	2.166594e-006
2.864500134806713e-009	5.478647e-004	0.000000e+000	0.000000e+000	6.346235e+000	3.346235e+000	1.860503e-006	4.550842e-006	0.000000e+000	2.421353e-006
2.966900134806745e-009	5.240086e-004	0.000000e+000	0.000000e+000	6.281242e+000	3.281242e+000	1.875002e-006	4.631137e-006	0.000000e+000	2.659914e-006
3.069300134806776e-009	5.016190e-004	0.000000e+000	0.000000e+000	6.215469e+000	3.215469e+000	1.889561e-006	4.712023e-006	0.000000e+000	2.883810e-006
3.171700134806807e-009	4.805540e-004	0.000000e+000	0.000000e+000	6.148902e+000	3.148902e+000	1.904183e-006	4.793484e-006	0.000000e+000	3.094460e-006
3.274100134806839e-009	4.606851e-004	0.000000e+000	0.000000e+000	6.081529e+000	3.081529e+000	1.918869e-006	4.875504e-006	0.000000e+000	3.293149e-006
3.376500134806870e-009	4.418968e-004	0.000000e+000	0.000000e+000	6.013336e+000	3.013335e+000	1.933620e-006	4.958065e-006	0.000000e+000	3.481031e-006
3.478900134806902e-009	4.240866e-004	0.000000e+000	0.000000e+000	5.944311e+000	2.944311e+000	1.948437e-006	5.041146e-006	0.000000e+000	3.659133e-006
3.581300134806933e-009	4.071637e-004	0.000000e+000	0.000000e+000	5.874444e+000	2.874443e+000	1.963321e-006	5.124723e-006	0.000000e+000	3.828363e-006
3.683700134806965e-009	3.910480e-004	0.000000e+000	0.000000e+000	5.803724e+000	2.803724e+000	1.978273e-006	5.208771e-006	0.000000e+000	3.989520e-006
3.786100134806744e-009	3.756692e-004	0.000000e+000	0.000000e+000	5.732144e+000	2.732145e+000	1.993292e-006	5.293258e-006	0.000000e+000	4.143308e-006
3.888500134806352e-009	3.609657e-004	0.000000e+000	0.000000e+000	5.659698e+000	2.659699e+000	2.008378e-006	5.378152e-006	0.000000e+000	4.290343e-006
3.990900134805960e-009	3.468833e-004	0.000000e+000	0.000000e+000	5.586383e+000	2.586383e+000	2.023532e-006	5.463415e-006	0.000000e+000	4.431166e-006
4.093300134805568e-009	3.333749e-004	0.000000e+000	0.000000e+000	5.512196e+000	2.512196e+000	2.038750e-006	5.549004e-006	0.000000e+000	4.566251e-006
4.195700134805176e-009	3.203989e-004	0.000000e+000	0.000000e+000	5.437141e+000	2.437141e+000	2.054032e-006	5.634871e-006	0.000000e+000	4.696011e-006
4.298100134804784e-009	3.079190e-004	0.000000e+000	0.000000e+000	5.361224e+000	2.361224e+000	2.069375e-006	5.720964e-006	0.000000e+000	4.820810e-006
4.400500134804391e-009	2.959035e-004	0.000000e+000	0.000000e+000	5.284457e+000	2.284457e+000	2.084775e-006	5.807221e-006	0.000000e+000	4.940965e-006
4.502900134803999e-009	2.843247e-004	0.000000e+000	0.000000e+000	5.206857e+000	2.206857e+000	2.100227e-006	5.893577e-006	0.000000e+000	5.056754e-006
4.605300134803607e-009	2.731582e-004	0.000000e+000	0.000000e+000	5.128449e+000	2.128449e+000	2.115725e-006	5.979956e-006	0.000000e+000	5.168418e-006
4.707700134803215e-009	2.623830e-004	0.000000e+000	0.000000e+000	5.049264e+000	2.049264e+000	2.131262e-006	6.066275e-006	0.000000e+000	5.276170e-006
4.810100134802823e-009	2.519804e-004	0.000000e+000	0.000000e+000	4.969345e+000	1.969345e+000	2.146830e-006	6.152439e-006	0.000000e+000	5.380196e-006
4.912500134802431e-009	2.419345e-004	0.000000e+000	0.000000e+000	4.888744e+000	1.888745e+000	2.162417e-006	6.238346e-006	0.000000e+000	5.480655e-006
5.014900134802039e-009	2.322311e-004	0.000000e+000	0.000000e+000	4.807528e+000	1.807528e+000	2.178010e-006	6.323879e-006	0.000000e+000	5.577689e-006
5.117300134801647e-009	2.228582e-004	0.000000e+000	0.000000e+000	4.725775e+000	1.725775e+000	2.193594e-006	6.408911e-006	0.000000e+000	5.671418e-006
5.219700134801255e-009	2.138052e-004	0.000000e+000	0.000000e+000	4.643585e+000	1.643585e+000	2.209151e-006	6.493300e-006	0.000000e+000	5.761948e-006
5.322100134800862e-009	2.050631e-004	0.000000e+000	0.000000e+000	4.561072e+000	1.561072e+000	2.224659e-006	6.576890e-006	0.000000e+000	5.849369e-006
5.424500134800470e-009	1.966241e-004	0.000000e+000	0.000000e+000	4.478375e+000	1.478375e+000	2.240094e-006	6.659509e-006	0.000000e+000	5.933759e-006
5.526900134800078e-009	1.884818e-004	0.000000e+000	0.000000e+000	4.395656e+000	1.395656e+000	2.255427e-006	6.740973e-006	0.000000e+000	6.015182e-006
5.629300134799686e-009	1.806303e-004	0.000000e+000	0.000000e+000	4.313103e+000	1.313103e+000	2.270627e-006	6.821078e-006	0.000000e+000	6.093697e-006
5.731700134799294e-009	1.730651e-004	0.000000e+000	0.000000e+000	4.230933e+000	1.230933e+000	2.285656e-006	6.899607e-006	0.000000e+000	6.169349e-006
5.834100134798902e-009	1.657822e-004	0.000000e+000	0.000000e+000	4.149391e+000	1.149391e+000	2.300473e-006	6.976330e-006	0.000000e+000	6.242179e-006
5.936500134798510e-009	1.587780e-004	0.000000e+000	0.000000e+000	4.068754e+000	1.068754e+000	2.315032e-006	7.051003e-006	0.000000e+000	6.312220e-006
6.038900134798118e-009	1.520497e-004	0.000000e+000	0.000000e+000	3.989329e+000	9.893291e-001	2.329283e-006	7.123372e-006	0.000000e+000	6.379503e-006
6.141300134797726e-009	1.455945e-004	0.000000e+000	0.000000e+000	3.911448e+000	9.114485e-001	2.343173e-006	7.193181e-006	0.000000e+000	6.444055e-006
6.243700134797333e-009	1.394101e-004	0.000000e+000	0.000000e+000	3.835469e+000	8.354694e-001	2.356645e-006	7.260171e-006	0.000000e+000	6.505899e-006
6.346100134796941e-009	1.334938e-004	0.000000e+000	0.000000e+000	3.761764e+000	7.617644e-001	2.369640e-006	7.324092e-006	0.000000e+000	6.565062e-006
6.448500134796549e-009	1.278427e-004	0.000000e+000	0.000000e+000	3.690714e+000	6.907136e-001	2.382101e-006	7.384709e-006	0.000000e+000	6.621573e-006
6.550900134796157e-009	1.224537e-004	0.000000e+000	0.000000e+000	3.622692e+000	6.226919e-001	2.393969e-006	7.441810e-006	0.000000e+000	6.675463e-006
6.653300134795765e-009	1.173227e-004	0.000000e+000	0.000000e+000	3.558055e+000	5.580551e-001	2.405193e-006	7.495217e-006	0.000000e+000	6.726773e-006
6.755700134795373e-009	1.124451e-004	0.000000e+000	0.000000e+000	3.497125e+000	4.971247e-001	2.415725e-006	7.544795e-006	0.000000e+000	6.775549e-006
6.858100134794981e-009	1.078151e-004	0.000000e+000	0.000000e+000	3.440172e+000	4.401720e-001	2.425529e-006	7.590458e-006	0.000000e+000	6.821849e-006
6.960500134794589e-009	1.034259e-004	0.000000e+000	0.000000e+000	3.387404e+000	3.874043e-001	2.434577e-006	7.632177e-006	0.000000e+000	6.865740e-006
7.062900134794197e-009	9.926972e-005	0.000000e+000	0.000000e+000	3.338954e+000	3.389538e-001	2.442855e-006	7.669980e-006	0.000000e+000	6.907303e-006
7.165300134793805e-009	9.533744e-005	0.000000e+000	0.000000e+000	3.294871e+000	2.948709e-001	2.450362e-006	7.703955e-006	0.000000e+000	6.946625e-006
7.267700134793412e-009	9.161915e-005	0.000000e+000	0.000000e+000	3.255123e+000	2.551232e-001	2.457112e-006	7.734244e-006	0.000000e+000	6.983808e-006
7.370100134793020e-009	8.810410e-005	0.000000e+000	0.000000e+000	3.219599e+000	2.195994e-001	2.463128e-006	7.761036e-006	0.000000e+000	7.018959e-006
7.472500134792809e-009	8.478096e-005	0.000000e+000	0.000000e+000	3.188119e+000	1.881187e-001	2.468448e-006	7.784558e-006	0.000000e+000	7.052191e-006
7.487114420507160e-009	8.432174e-005	0.000000e+000	0.000000e+000	3.183944e+000	1.839443e-001	2.469152e-006	7.787661e-006	0.000000e+000	7.056783e-006
7.501728706221511e-009	8.386608e-005	0.000000e+000	0.000000e+000	3.179845e+000	1.798448e-001	2.469844e-006	7.790705e-006	0.000000e+000	7.061339e-006
7.516342991935862e-009	8.341397e-005	0.000000e+000	0.000000e+000	3.175820e+000	1.758200e-001	2.470523e-006	7.793691e-006	0.000000e+000	7.065860e-006
7.530957277650211e-009	8.296541e-005	0.000000e+000	0.000000e+000	3.171870e+000	1.718701e-001	2.471189e-006	7.796618e-006	0.000000e+000	7.070346e-006
7.545571563364562e-009	8.252040e-005	0.000000e+000	0.000000e+000	3.167995e+000	1.679950e-001	2.471842e-006	7.799486e-006	0.000000e+000	7.074796e-006
7.560185849078913e-009	8.207895e-005	0.000000e+000	0.000000e+000	3.164195e+000	1.641946e-001	2.472483e-006	7.802295e-006	0.000000e+000	7.079210e-006
7.574800134793264e-009	8.164104e-005	0.000000e+000	0.000000e+000	3.160469e+000	1.604691e-001	2.473110e-006	7.805046e-006	0.000000e+000	7.083589e-006
7.574900134793264e-009	8.163806e-005	0.000000e+000	0.000000e+000	3.160444e+000	1.604439e-001	2.473115e-006	7.805065e-006	0.000000e+000	7.083619e-006
7.589514420507615e-009	8.120361e-005	0.000000e+000	0.000000e+000	3.156791e+000	1.567909e-001	2.473730e-006	7.807759e-006	0.000000e+000	7.087964e-006
7.604128706221966e-009	8.077247e-005	0.000000e+000	0.000000e+000	3.153207e+000	1.532067e-001	2.474334e-006	7.810401e-006	0.000000e+000	7.092275e-006
7.618742991936317e-009	8.034465e-005	0.000000e+000	0.000000e+000	3.149691e+000	1.496913e-001	2.474926e-006	7.812989e-006	0.000000e+000	7.096554e-006
7.633357277650666e-009	7.992013e-005	0.000000e+000	0.000000e+000	3.146245e+000	1.462447e-001	2.475506e-006	7.815524e-006	0.000000e+000	7.100799e-006
7.647971563365017e-009	7.949894e-005	0.000000e+000	0.000000e+000	3.142867e+000	1.428669e-001	2.476074e-006	7.818006e-006	0.000000e+000	7.105011e-006
7.662585849079368e-009	7.908105e-005	0.000000e+000	0.000000e+000	3.139558e+000	1.395578e-001	2.476631e-006	7.820435e-006	0.000000e+000	7.109190e-006
7.677200134793719e-009	7.866648e-005	0.000000e+000	0.000000e+000	3.136317e+000	1.363176e-001	2.477176e-006	7.822811e-006	0.000000e+000	7.113335e-006
7.677300134793719e-009	7.866365e-005	0.000000e+000	0.000000e+000	3.136296e+000	1.362956e-001	2.477180e-006	7.822828e-006	0.000000e+000	7.113364e-006
7.691914420508070e-009	7.825229e-005	0.000000e+000	0.000000e+000	3.133122e+000	1.331216e-001	2.477714e-006	7.825153e-006	0.000000e+000	7.117477e-006
7.706528706222421e-009	7.784402e-005	0.000000e+000	0.000000e+000	3.130010e+000	1.300099e-001	2.478237e-006	7.827430e-006	0.000000e+000	7.121560e-006
7.721142991936772e-009	7.743882e-005	0.000000e+000	0.000000e+000	3.126961e+000	1.269606e-001	2.478750e-006	7.829660e-006	0.000000e+000	7.125612e-006
7.735757277651121e-009	7.703670e-005	0.000000e+000	0.000000e+000	3.123974e+000	1.239738e-001	2.479252e-006	7.831843e-006	0.000000e+000	7.129633e-006
7.750371563365472e-009	7.663766e-005	0.000000e+000	0.000000e+000	3.121049e+000	1.210493e-001	2.479743e-006	7.833978e-006	0.000000e+000	7.133623e-006
7.764985849079823e-009	7.624170e-005	0.000000e+000	0.000000e+000	3.118187e+000	1.181872e-001	2.480224e-006	7.836067e-006	0.000000e+000	7.137583e-006
7.779600134794174e-009	7.584882e-005	0.000000e+000	0.000000e+000	3.115387e+000	1.153875e-001	2.480694e-006	7.838107e-006	0.000000e+000	7.141512e-006
7.779700134794174e-009	7.584614e-005	0.000000e+000	0.000000e+000	3.115369e+000	1.153686e-001	2.480697e-006	7.838121e-006	0.000000e+000	7.141538e-006
7.794314420508525e-009	7.545624e-005	0.000000e+000	0.000000e+000	3.112628e+000	1.126284e-001	2.481157e-006	7.840116e-006	0.000000e+000	7.145437e-006
7.808928706222876e-009	7.506920e-005	0.000000e+000	0.000000e+000	3.109944e+000	1.099442e-001	2.481608e-006	7.842070e-006	0.000000e+000	7.149308e-006
7.823542991937227e-009	7.468502e-005	0.000000e+000	0.000000e+000	3.107316e+000	1.073159e-001	2.482050e-006	7.843981e-006	0.000000e+000	7.153150e-006
7.838157277651576e-009	7.430369e-005	0.000000e+000	0.000000e+000	3.104743e+000	1.047434e-001	2.482481e-006	7.845851e-006	0.000000e+000	7.156963e-006
7.852771563365927e-009	7.392521e-005	0.000000e+000	0.000000e+000	3.102227e+000	1.022269e-001	2.482904e-006	7.847678e-006	0.000000e+000	7.160748e-006
7.867385849080278e-009	7.354959e-005	0.000000e+000	0.000000e+000	3.099766e+000	9.976621e-002	2.483317e-006	7.849463e-006	0.000000e+000	7.164504e-006
7.882000134794629e-009	7.317683e-005	0.000000e+000	0.000000e+000	3.097362e+000	9.736145e-002	2.483720e-006	7.851207e-006	0.000000e+000	7.168232e-006
7.882100134794629e-009	7.317429e-005	0.000000e+000	0.000000e+000	3.097345e+000	9.734516e-002	2.483723e-006	7.851218e-006	0.000000e+000	7.168257e-006
7.896714420508980e-009	7.280429e-005	0.000000e+000	0.000000e+000	3.094993e+000	9.499337e-002	2.484117e-006	7.852922e-006	0.000000e+000	7.171957e-006
7.911328706223331e-009	7.243693e-005	0.000000e+000	0.000000e+000	3.092691e+000	9.269110e-002	2.484503e-006	7.854589e-006	0.000000e+000	7.175631e-006
7.925942991937682e-009	7.207222e-005	0.000000e+000	0.000000e+000	3.090438e+000	9.043834e-002	2.484881e-006	7.856219e-006	0.000000e+000	7.179278e-006
7.940557277652031e-009	7.171014e-005	0.000000e+000	0.000000e+000	3.088235e+000	8.823510e-002	2.485251e-006	7.857812e-006	0.000000e+000	7.182898e-006
7.955171563366382e-009	7.135071e-005	0.000000e+000	0.000000e+000	3.086081e+000	8.608138e-002	2.485612e-006	7.859368e-006	0.000000e+000	7.186493e-006
7.969785849080733e-009	7.099393e-005	0.000000e+000	0.000000e+000	3.083977e+000	8.397717e-002	2.485964e-006	7.860888e-006	0.000000e+000	7.190061e-006
7.984400134795084e-009	7.063978e-005	0.000000e+000	0.000000e+000	3.081923e+000	8.192248e-002	2.486309e-006	7.862371e-006	0.000000e+000	7.193602e-006
7.984500134795084e-009	7.063737e-005	0.000000e+000	0.000000e+000	3.081908e+000	8.190857e-002	2.486311e-006	7.862381e-006	0.000000e+000	7.193627e-006
7.999114420509435e-009	7.028578e-005	0.000000e+000	0.000000e+000	3.079900e+000	7.990050e-002	2.486648e-006	7.863829e-006	0.000000e+000	7.197142e-006
8.013728706223786e-009	6.993664e-005	0.000000e+000	0.000000e+000	3.077936e+000	7.793587e-002	2.486977e-006	7.865246e-006	0.000000e+000	7.200634e-006
8.028342991938137e-009	6.958994e-005	0.000000e+000	0.000000e+000	3.076015e+000	7.601467e-002	2.487299e-006	7.866630e-006	0.000000e+000	7.204101e-006
8.042957277652486e-009	6.924568e-005	0.000000e+000	0.000000e+000	3.074137e+000	7.413691e-002	2.487613e-006	7.867982e-006	0.000000e+000	7.207543e-006
8.057571563366837e-009	6.890387e-005	0.000000e+000	0.000000e+000	3.072303e+000	7.230258e-002	2.487920e-006	7.869303e-006	0.000000e+000	7.210961e-006
8.072185849081188e-009	6.856450e-005	0.000000e+000	0.000000e+000	3.070512e+000	7.051168e-002	2.488220e-006	7.870591e-006	0.000000e+000	7.214355e-006
8.086800134795538e-009	6.822758e-005	0.000000e+000	0.000000e+000	3.068764e+000	6.876422e-002	2.488513e-006	7.871847e-006	0.000000e+000	7.217724e-006
8.086900134795539e-009	6.822528e-005	0.000000e+000	0.000000e+000	3.068752e+000	6.875239e-002	2.488515e-006	7.871855e-006	0.000000e+000	7.217747e-006
8.101514420509890e-009	6.789072e-005	0.000000e+000	0.000000e+000	3.067046e+000	6.704560e-002	2.488801e-006	7.873081e-006	0.000000e+000	7.221093e-006
8.116128706224241e-009	6.755842e-005	0.000000e+000	0.000000e+000	3.065377e+000	6.537658e-002	2.489080e-006	7.874280e-006	0.000000e+000	7.224416e-006
8.130742991938592e-009	6.722838e-005	0.000000e+000	0.000000e+000	3.063745e+000	6.374534e-002	2.489353e-006	7.875451e-006	0.000000e+000	7.227716e-006
8.145357277652941e-009	6.690060e-005	0.000000e+000	0.000000e+000	3.062152e+000	6.215186e-002	2.489620e-006	7.876594e-006	0.000000e+000	7.230994e-006
8.159971563367292e-009	6.657508e-005	0.000000e+000	0.000000e+000	3.060596e+000	6.059615e-002	2.489880e-006	7.877710e-006	0.000000e+000	7.234249e-006
8.174585849081643e-009	6.625182e-005	0.000000e+000	0.000000e+000	3.059078e+000	5.907822e-002	2.490134e-006	7.878798e-006	0.000000e+000	7.237482e-006
8.189200134795993e-009	6.593082e-005	0.000000e+000	0.000000e+000	3.057598e+000	5.759806e-002	2.490382e-006	7.879858e-006	0.000000e+000	7.240692e-006
8.189300134795994e-009	6.592864e-005	0.000000e+000	0.000000e+000	3.057588e+000	5.758804e-002	2.490383e-006	7.879866e-006	0.000000e+000	7.240714e-006
8.203914420510345e-009	6.560982e-005	0.000000e+000	0.000000e+000	3.056143e+000	5.614307e-002	2.490625e-006	7.880900e-006	0.000000e+000	7.243902e-006
8.218528706224696e-009	6.529310e-005	0.000000e+000	0.000000e+000	3.054731e+000	5.473070e-002	2.490861e-006	7.881912e-006	0.000000e+000	7.247069e-006
8.233142991939046e-009	6.497847e-005	0.000000e+000	0.000000e+000	3.053351e+000	5.335093e-002	2.491092e-006	7.882899e-006	0.000000e+000	7.250215e-006
8.247757277653396e-009	6.466593e-005	0.000000e+000	0.000000e+000	3.052004e+000	5.200377e-002	2.491318e-006	7.883863e-006	0.000000e+000	7.253341e-006
8.262371563367747e-009	6.435548e-005	0.000000e+000	0.000000e+000	3.050689e+000	5.068920e-002	2.491537e-006	7.884803e-006	0.000000e+000	7.256445e-006
8.276985849082097e-009	6.404712e-005	0.000000e+000	0.000000e+000	3.049407e+000	4.940724e-002	2.491752e-006	7.885719e-006	0.000000e+000	7.259529e-006
8.291600134796448e-009	6.374086e-005	0.000000e+000	0.000000e+000	3.048158e+000	4.815788e-002	2.491961e-006	7.886611e-006	0.000000e+000	7.262591e-006
8.291700134796449e-009	6.373877e-005	0.000000e+000	0.000000e+000	3.048149e+000	4.814943e-002	2.491962e-006	7.886618e-006	0.000000e+000	7.262612e-006
8.306314420510800e-009	6.343453e-005	0.000000e+000	0.000000e+000	3.046930e+000	4.693031e-002	2.492166e-006	7.887488e-006	0.000000e+000	7.265655e-006
8.320928706225151e-009	6.313223e-005	0.000000e+000	0.000000e+000	3.045739e+000	4.573915e-002	2.492365e-006	7.888339e-006	0.000000e+000	7.268678e-006
8.335542991939501e-009	6.283186e-005	0.000000e+000	0.000000e+000	3.044576e+000	4.457594e-002	2.492560e-006	7.889169e-006	0.000000e+000	7.271681e-006
8.350157277653851e-009	6.253343e-005	0.000000e+000	0.000000e+000	3.043441e+000	4.344070e-002	2.492749e-006	7.889979e-006	0.000000e+000	7.274666e-006
8.364771563368202e-009	6.223694e-005	0.000000e+000	0.000000e+000	3.042333e+000	4.233341e-002	2.492934e-006	7.890769e-006	0.000000e+000	7.277631e-006
8.379385849082552e-009	6.194239e-005	0.000000e+000	0.000000e+000	3.041254e+000	4.125409e-002	2.493115e-006	7.891538e-006	0.000000e+000	7.280576e-006
8.394000134796903e-009	6.164978e-005	0.000000e+000	0.000000e+000	3.040203e+000	4.020271e-002	2.493291e-006	7.892288e-006	0.000000e+000	7.283502e-006
8.394100134796904e-009	6.164778e-005	0.000000e+000	0.000000e+000	3.040196e+000	4.019560e-002	2.493292e-006	7.892293e-006	0.000000e+000	7.283522e-006
8.408714420511255e-009	6.135705e-005	0.000000e+000	0.000000e+000	3.039170e+000	3.917007e-002	2.493463e-006	7.893024e-006	0.000000e+000	7.286430e-006
8.423328706225605e-009	6.106811e-005	0.000000e+000	0.000000e+000	3.038168e+000	3.816837e-002	2.493630e-006	7.893737e-006	0.000000e+000	7.289319e-006
8.437942991939956e-009	6.078096e-005	0.000000e+000	0.000000e+000	3.037190e+000	3.719053e-002	2.493794e-006	7.894433e-006	0.000000e+000	7.292190e-006
8.452557277654306e-009	6.049562e-005	0.000000e+000	0.000000e+000	3.036236e+000	3.623652e-002	2.493953e-006	7.895113e-006	0.000000e+000	7.295044e-006
8.467171563368656e-009	6.021208e-005	0.000000e+000	0.000000e+000	3.035306e+000	3.530635e-002	2.494109e-006	7.895774e-006	0.000000e+000	7.297879e-006
8.481785849083007e-009	5.993033e-005	0.000000e+000	0.000000e+000	3.034400e+000	3.440003e-002	2.494260e-006	7.896419e-006	0.000000e+000	7.300697e-006
8.496400134797358e-009	5.965039e-005	0.000000e+000	0.000000e+000	3.033518e+000	3.351755e-002	2.494407e-006	7.897047e-006	0.000000e+000	7.303496e-006
8.496500134797359e-009	5.964848e-005	0.000000e+000	0.000000e+000	3.033512e+000	3.351158e-002	2.494409e-006	7.897052e-006	0.000000e+000	7.303515e-006
8.511114420511710e-009	5.937027e-005	0.000000e+000	0.000000e+000	3.032651e+000	3.265106e-002	2.494552e-006	7.897664e-006	0.000000e+000	7.306297e-006
8.525728706226060e-009	5.909374e-005	0.000000e+000	0.000000e+000	3.031811e+000	3.181078e-002	2.494693e-006	7.898261e-006	0.000000e+000	7.309063e-006
8.540342991940411e-009	5.881888e-005	0.000000e+000	0.000000e+000	3.030991e+000	3.099074e-002	2.494830e-006	7.898844e-006	0.000000e+000	7.311811e-006
8.554957277654760e-009	5.854569e-005	0.000000e+000	0.000000e+000	3.030191e+000	3.019094e-002	2.494963e-006	7.899412e-006	0.000000e+000	7.314543e-006
8.569571563369111e-009	5.827418e-005	0.000000e+000	0.000000e+000	3.029411e+000	2.941137e-002	2.495093e-006	7.899966e-006	0.000000e+000	7.317258e-006
8.584185849083462e-009	5.800433e-005	0.000000e+000	0.000000e+000	3.028652e+000	2.865204e-002	2.495220e-006	7.900505e-006	0.000000e+000	7.319957e-006
8.598800134797813e-009	5.773616e-005	0.000000e+000	0.000000e+000	3.027913e+000	2.791294e-002	2.495344e-006	7.901030e-006	0.000000e+000	7.322638e-006
8.598900134797814e-009	5.773433e-005	0.000000e+000	0.000000e+000	3.027908e+000	2.790794e-002	2.495344e-006	7.901033e-006	0.000000e+000	7.322657e-006
8.613514420512164e-009	5.746779e-005	0.000000e+000	0.000000e+000	3.027187e+000	2.718744e-002	2.495465e-006	7.901545e-006	0.000000e+000	7.325322e-006
8.628128706226515e-009	5.720280e-005	0.000000e+000	0.000000e+000	3.026484e+000	2.648404e-002	2.495582e-006	7.902044e-006	0.000000e+000	7.327972e-006
8.642742991940866e-009	5.693937e-005	0.000000e+000	0.000000e+000	3.025798e+000	2.579775e-002	2.495697e-006	7.902532e-006	0.000000e+000	7.330606e-006
8.657357277655215e-009	5.667750e-005	0.000000e+000	0.000000e+000	3.025129e+000	2.512857e-002	2.495808e-006	7.903006e-006	0.000000e+000	7.333225e-006
8.671971563369566e-009	5.641719e-005	0.000000e+000	0.000000e+000	3.024476e+000	2.447649e-002	2.495917e-006	7.903469e-006	0.000000e+000	7.335828e-006
8.686585849083917e-009	5.615844e-005	0.000000e+000	0.000000e+000	3.023841e+000	2.384153e-002	2.496023e-006	7.903919e-006	0.000000e+000	7.338415e-006
8.701200134798268e-009	5.590124e-005	0.000000e+000	0.000000e+000	3.023224e+000	2.322367e-002	2.496126e-006	7.904357e-006	0.000000e+000	7.340987e-006
8.701300134798268e-009	5.589949e-005	0.000000e+000	0.000000e+000	3.023220e+000	2.321949e-002	2.496127e-006	7.904360e-006	0.000000e+000	7.341005e-006
8.715914420512619e-009	5.564381e-005	0.000000e+000	0.000000e+000	3.022617e+000	2.261731e-002	2.496228e-006	7.904787e-006	0.000000e+000	7.343562e-006
8.730528706226970e-009	5.538959e-005	0.000000e+000	0.000000e+000	3.022030e+000	2.202954e-002	2.496326e-006	7.905204e-006	0.000000e+000	7.346104e-006
8.745142991941321e-009	5.513682e-005	0.000000e+000	0.000000e+000	3.021456e+000	2.145619e-002	2.496421e-006	7.905610e-006	0.000000e+000	7.348632e-006
8.759757277655670e-009	5.488552e-005	0.000000e+000	0.000000e+000	3.020897e+000	2.089725e-002	2.496515e-006	7.906006e-006	0.000000e+000	7.351145e-006
8.774371563370021e-009	5.463566e-005	0.000000e+000	0.000000e+000	3.020353e+000	2.035272e-002	2.496606e-006	7.906392e-006	0.000000e+000	7.353643e-006
8.788985849084372e-009	5.438727e-005	0.000000e+000	0.000000e+000	3.019823e+000	1.982261e-002	2.496694e-006	7.906767e-006	0.000000e+000	7.356127e-006
8.803600134798723e-009	5.414033e-005	0.000000e+000	0.000000e+000	3.019307e+000	1.930691e-002	2.496780e-006	7.907132e-006	0.000000e+000	7.358597e-006
8.803700134798723e-009	5.413865e-005	0.000000e+000	0.000000e+000	3.019303e+000	1.930342e-002	2.496781e-006	7.907135e-006	0.000000e+000	7.358613e-006
8.818314420513074e-009	5.389313e-005	0.000000e+000	0.000000e+000	3.018801e+000	1.880091e-002	2.496865e-006	7.907491e-006	0.000000e+000	7.361069e-006
8.832928706227425e-009	5.364897e-005	0.000000e+000	0.000000e+000	3.018311e+000	1.831050e-002	2.496947e-006	7.907838e-006	0.000000e+000	7.363510e-006
8.847542991941776e-009	5.340618e-005	0.000000e+000	0.000000e+000	3.017832e+000	1.783220e-002	2.497026e-006	7.908177e-006	0.000000e+000	7.365938e-006
8.862157277656125e-009	5.316475e-005	0.000000e+000	0.000000e+000	3.017366e+000	1.736601e-002	2.497104e-006	7.908507e-006	0.000000e+000	7.368353e-006
8.876771563370476e-009	5.292469e-005	0.000000e+000	0.000000e+000	3.016912e+000	1.691193e-002	2.497180e-006	7.908828e-006	0.000000e+000	7.370753e-006
8.891385849084827e-009	5.268599e-005	0.000000e+000	0.000000e+000	3.016470e+000	1.646995e-002	2.497253e-006	7.909140e-006	0.000000e+000	7.373140e-006
8.906000134799178e-009	5.244866e-005	0.000000e+000	0.000000e+000	3.016040e+000	1.604009e-002	2.497325e-006	7.909444e-006	0.000000e+000	7.375513e-006
8.906100134799178e-009	5.244705e-005	0.000000e+000	0.000000e+000	3.016037e+000	1.603718e-002	2.497326e-006	7.909447e-006	0.000000e+000	7.375530e-006
8.920714420513529e-009	5.221104e-005	0.000000e+000	0.000000e+000	3.015618e+000	1.561837e-002	2.497396e-006	7.909743e-006	0.000000e+000	7.377890e-006
8.935328706227880e-009	5.197632e-005	0.000000e+000	0.000000e+000	3.015210e+000	1.520971e-002	2.497464e-006	7.910032e-006	0.000000e+000	7.380237e-006
8.949942991942231e-009	5.174288e-005	0.000000e+000	0.000000e+000	3.014811e+000	1.481120e-002	2.497530e-006	7.910314e-006	0.000000e+000	7.382571e-006
8.964557277656580e-009	5.151072e-005	0.000000e+000	0.000000e+000	3.014423e+000	1.442283e-002	2.497595e-006	7.910588e-006	0.000000e+000	7.384893e-006
8.979171563370931e-009	5.127985e-005	0.000000e+000	0.000000e+000	3.014045e+000	1.404462e-002	2.497658e-006	7.910856e-006	0.000000e+000	7.387202e-006
8.993785849085282e-009	5.105026e-005	0.000000e+000	0.000000e+000	3.013677e+000	1.367655e-002	2.497720e-006	7.911116e-006	0.000000e+000	7.389497e-006
9.008400134799633e-009	5.082195e-005	0.000000e+000	0.000000e+000	3.013319e+000	1.331863e-002	2.497779e-006	7.911370e-006	0.000000e+000	7.391780e-006
9.008500134799633e-009	5.082039e-005	0.000000e+000	0.000000e+000	3.013316e+000	1.331621e-002	2.497780e-006	7.911372e-006	0.000000e+000	7.391796e-006
9.023114420513984e-009	5.059333e-005	0.000000e+000	0.000000e+000	3.012968e+000	1.296754e-002	2.497838e-006	7.911618e-006	0.000000e+000	7.394067e-006
9.037728706228335e-009	5.036747e-005	0.000000e+000	0.000000e+000	3.012627e+000	1.262736e-002	2.497895e-006	7.911858e-006	0.000000e+000	7.396325e-006
9.052342991942686e-009	5.014283e-005	0.000000e+000	0.000000e+000	3.012296e+000	1.229567e-002	2.497950e-006	7.912092e-006	0.000000e+000	7.398572e-006
9.066957277657035e-009	4.991939e-005	0.000000e+000	0.000000e+000	3.011973e+000	1.197247e-002	2.498004e-006	7.912321e-006	0.000000e+000	7.400806e-006
9.081571563371386e-009	4.969715e-005	0.000000e+000	0.000000e+000	3.011658e+000	1.165775e-002	2.498056e-006	7.912543e-006	0.000000e+000	7.403028e-006
9.096185849085737e-009	4.947613e-005	0.000000e+000	0.000000e+000	3.011352e+000	1.135152e-002	2.498107e-006	7.912759e-006	0.000000e+000	7.405239e-006
9.110800134800088e-009	4.925631e-005	0.000000e+000	0.000000e+000	3.011054e+000	1.105378e-002	2.498157e-006	7.912970e-006	0.000000e+000	7.407437e-006
9.110900134800088e-009	4.925481e-005	0.000000e+000	0.000000e+000	3.011052e+000	1.105177e-002	2.498157e-006	7.912971e-006	0.000000e+000	7.407452e-006
9.125514420514439e-009	4.903617e-005	0.000000e+000	0.000000e+000	3.010762e+000	1.076176e-002	2.498206e-006	7.913176e-006	0.000000e+000	7.409638e-006
9.140128706228790e-009	4.881866e-005	0.000000e+000	0.000000e+000	3.010479e+000	1.047883e-002	2.498253e-006	7.913376e-006	0.000000e+000	7.411813e-006
9.154742991943141e-009	4.860230e-005	0.000000e+000	0.000000e+000	3.010203e+000	1.020300e-002	2.498299e-006	7.913571e-006	0.000000e+000	7.413977e-006
9.169357277657490e-009	4.838708e-005	0.000000e+000	0.000000e+000	3.009934e+000	9.934247e-003	2.498344e-006	7.913760e-006	0.000000e+000	7.416129e-006
9.183971563371841e-009	4.817300e-005	0.000000e+000	0.000000e+000	3.009673e+000	9.672585e-003	2.498387e-006	7.913945e-006	0.000000e+000	7.418270e-006
9.198585849086192e-009	4.796005e-005	0.000000e+000	0.000000e+000	3.009418e+000	9.418010e-003	2.498430e-006	7.914125e-006	0.000000e+000	7.420400e-006
9.213200134800543e-009	4.774825e-005	0.000000e+000	0.000000e+000	3.009171e+000	9.170522e-003	2.498471e-006	7.914300e-006	0.000000e+000	7.422518e-006
9.213300134800543e-009	4.774681e-005	0.000000e+000	0.000000e+000	3.009169e+000	9.168847e-003	2.498471e-006	7.914301e-006	0.000000e+000	7.422532e-006
9.227914420514894e-009	4.753612e-005	0.000000e+000	0.000000e+000	3.008928e+000	8.927808e-003	2.498512e-006	7.914471e-006	0.000000e+000	7.424639e-006
9.242528706229245e-009	4.732650e-005	0.000000e+000	0.000000e+000	3.008693e+000	8.692677e-003	2.498551e-006	7.914637e-006	0.000000e+000	7.426735e-006
9.257142991943596e-009	4.711797e-005	0.000000e+000	0.000000e+000	3.008463e+000	8.463456e-003	2.498589e-006	7.914799e-006	0.000000e+000	7.428820e-006
9.271757277657945e-009	4.691051e-005	0.000000e+000	0.000000e+000	3.008240e+000	8.240144e-003	2.498626e-006	7.914957e-006	0.000000e+000	7.430895e-006
9.286371563372296e-009	4.670413e-005	0.000000e+000	0.000000e+000	3.008023e+000	8.022742e-003	2.498663e-006	7.915110e-006	0.000000e+000	7.432959e-006
9.300985849086647e-009	4.649883e-005	0.000000e+000	0.000000e+000	3.007811e+000	7.811248e-003	2.498698e-006	7.915259e-006	0.000000e+000	7.435012e-006
9.315600134800998e-009	4.629461e-005	0.000000e+000	0.000000e+000	3.007606e+000	7.605664e-003	2.498732e-006	7.915404e-006	0.000000e+000	7.437054e-006
9.315700134800998e-009	4.629321e-005	0.000000e+000	0.000000e+000	3.007604e+000	7.604274e-003	2.498732e-006	7.915405e-006	0.000000e+000	7.437068e-006
9.330314420515349e-009	4.609005e-005	0.000000e+000	0.000000e+000	3.007404e+000	7.404062e-003	2.498766e-006	7.915546e-006	0.000000e+000	7.439100e-006
9.344928706229700e-009	4.588790e-005	0.000000e+000	0.000000e+000	3.007209e+000	7.208771e-003	2.498798e-006	7.915684e-006	0.000000e+000	7.441121e-006
9.359542991944051e-009	4.568678e-005	0.000000e+000	0.000000e+000	3.007018e+000	7.018402e-003	2.498830e-006	7.915819e-006	0.000000e+000	7.443132e-006
9.374157277658400e-009	4.548668e-005	0.000000e+000	0.000000e+000	3.006833e+000	6.832954e-003	2.498861e-006	7.915949e-006	0.000000e+000	7.445133e-006
9.388771563372751e-009	4.528760e-005	0.000000e+000	0.000000e+000	3.006652e+000	6.652428e-003	2.498891e-006	7.916077e-006	0.000000e+000	7.447124e-006
9.403385849087102e-009	4.508954e-005	0.000000e+000	0.000000e+000	3.006477e+000	6.476823e-003	2.498920e-006	7.916201e-006	0.000000e+000	7.449105e-006
9.418000134801453e-009	4.489250e-005	0.000000e+000	0.000000e+000	3.006306e+000	6.306139e-003	2.498949e-006	7.916321e-006	0.000000e+000	7.451075e-006
9.418100134801453e-009	4.489116e-005	0.000000e+000	0.000000e+000	3.006305e+000	6.304985e-003	2.498949e-006	7.916322e-006	0.000000e+000	7.451089e-006
9.432714420515804e-009	4.469512e-005	0.000000e+000	0.000000e+000	3.006139e+000	6.138773e-003	2.498977e-006	7.916439e-006	0.000000e+000	7.453049e-006
9.447328706230155e-009	4.450006e-005	0.000000e+000	0.000000e+000	3.005977e+000	5.976655e-003	2.499004e-006	7.916554e-006	0.000000e+000	7.454999e-006
9.461942991944506e-009	4.430597e-005	0.000000e+000	0.000000e+000	3.005819e+000	5.818632e-003	2.499030e-006	7.916666e-006	0.000000e+000	7.456940e-006
9.476557277658855e-009	4.411285e-005	0.000000e+000	0.000000e+000	3.005665e+000	5.664704e-003	2.499056e-006	7.916774e-006	0.000000e+000	7.458871e-006
9.491171563373206e-009	4.392070e-005	0.000000e+000	0.000000e+000	3.005515e+000	5.514870e-003	2.499081e-006	7.916880e-006	0.000000e+000	7.460793e-006
9.505785849087557e-009	4.372952e-005	0.000000e+000	0.000000e+000	3.005369e+000	5.369132e-003	2.499105e-006	7.916983e-006	0.000000e+000	7.462705e-006
9.520400134801907e-009	4.353931e-005	0.000000e+000	0.000000e+000	3.005228e+000	5.227488e-003	2.499129e-006	7.917082e-006	0.000000e+000	7.464607e-006
9.520500134801908e-009	4.353801e-005	0.000000e+000	0.000000e+000	3.005227e+000	5.226530e-003	2.499129e-006	7.917083e-006	0.000000e+000	7.464620e-006
9.622900134802363e-009	4.223138e-005	0.000000e+000	0.000000e+000	3.004332e+000	4.331738e-003	2.499278e-006	7.917713e-006	0.000000e+000	7.477686e-006
9.725300134802818e-009	4.096906e-005	0.000000e+000	0.000000e+000	3.003590e+000	3.589583e-003	2.499402e-006	7.918237e-006	0.000000e+000	7.490310e-006
9.827700134803273e-009	3.974903e-005	0.000000e+000	0.000000e+000	3.002974e+000	2.974200e-003	2.499504e-006	7.918670e-006	0.000000e+000	7.502510e-006
9.930100134803728e-009	3.856941e-005	0.000000e+000	0.000000e+000	3.002464e+000	2.464055e-003	2.499589e-006	7.919030e-006	0.000000e+000	7.514306e-006
1.003250013480418e-008	3.742846e-005	0.000000e+000	0.000000e+000	3.002041e+000	2.041231e-003	2.499660e-006	7.919328e-006	0.000000e+000	7.525715e-006
1.013490013480464e-008	3.632458e-005	0.000000e+000	0.000000e+000	3.001691e+000	1.690840e-003	2.499718e-006	7.919575e-006	0.000000e+000	7.536754e-006
1.023730013480509e-008	3.525624e-005	0.000000e+000	0.000000e+000	3.001400e+000	1.400510e-003	2.499767e-006	7.919779e-006	0.000000e+000	7.547438e-006
1.033970013480555e-008	3.422204e-005	0.000000e+000	0.000000e+000	3.001160e+000	1.159974e-003	2.499807e-006	7.919949e-006	0.000000e+000	7.557780e-006
1.044210013480600e-008	3.322065e-005	0.000000e+000	0.000000e+000	3.000961e+000	9.607101e-004	2.499840e-006	7.920089e-006	0.000000e+000	7.567794e-006
1.054450013480646e-008	3.225082e-005	0.000000e+000	0.000000e+000	3.000796e+000	7.956487e-004	2.499867e-006	7.920205e-006	0.000000e+000	7.577492e-006
1.064690013480691e-008	3.131136e-005	0.000000e+000	0.000000e+000	3.000659e+000	6.589281e-004	2.499890e-006	7.920302e-006	0.000000e+000	7.586887e-006
1.074930013480737e-008	3.040117e-005	0.000000e+000	0.000000e+000	3.000546e+000	5.456880e-004	2.499909e-006	7.920381e-006	0.000000e+000	7.595988e-006
1.085170013480782e-008	2.951917e-005	0.000000e+000	0.000000e+000	3.000452e+000	4.518999e-004	2.499925e-006	7.920447e-006	0.000000e+000	7.604808e-006
1.095410013480828e-008	2.866438e-005	0.000000e+000	0.000000e+000	3.000374e+000	3.742253e-004	2.499938e-006	7.920502e-006	0.000000e+000	7.613356e-006
1.105650013480873e-008	2.783581e-005	0.000000e+000	0.000000e+000	3.000310e+000	3.098975e-004	2.499948e-006	7.920547e-006	0.000000e+000	7.621642e-006
1.115890013480919e-008	2.703258e-005	0.000000e+000	0.000000e+000	3.000257e+000	2.566246e-004	2.499957e-006	7.920585e-006	0.000000e+000	7.629675e-006
1.126130013480964e-008	2.625380e-005	0.000000e+000	0.000000e+000	3.000212e+000	2.125076e-004	2.499965e-006	7.920616e-006	0.000000e+000	7.637462e-006
1.136370013481010e-008	2.549864e-005	0.000000e+000	0.000000e+000	3.000176e+000	1.759735e-004	2.499971e-006	7.920642e-006	0.000000e+000	7.645013e-006
1.146610013481055e-008	2.476630e-005	0.000000e+000	0.000000e+000	3.000146e+000	1.457194e-004	2.499976e-006	7.920663e-006	0.000000e+000	7.652337e-006
1.156850013481101e-008	2.405603e-005	0.000000e+000	0.000000e+000	3.000121e+000	1.206660e-004	2.499980e-006	7.920680e-006	0.000000e+000	7.659440e-006
1.167090013481146e-008	2.336709e-005	0.000000e+000	0.000000e+000	3.000100e+000	9.991967e-005	2.499983e-006	7.920695e-006	0.000000e+000	7.666329e-006
1.177330013481192e-008	2.269877e-005	0.000000e+000	0.000000e+000	3.000083e+000	8.273997e-005	2.499986e-006	7.920708e-006	0.000000e+000	7.673012e-006
1.187570013481237e-008	2.205041e-005	0.000000e+000	0.000000e+000	3.000068e+000	6.851386e-005	2.499989e-006	7.920718e-006	0.000000e+000	7.679496e-006
1.197810013481283e-008	2.142135e-005	0.000000e+000	0.000000e+000	3.000057e+000	5.673361e-005	2.499991e-006	7.920726e-006	0.000000e+000	7.685787e-006
1.208050013481328e-008	2.081097e-005	0.000000e+000	0.000000e+000	3.000047e+000	4.697876e-005	2.499992e-006	7.920732e-006	0.000000e+000	7.691890e-006
1.218290013481374e-008	2.021868e-005	0.000000e+000	0.000000e+000	3.000039e+000	3.890110e-005	2.499994e-006	7.920738e-006	0.000000e+000	7.697813e-006
1.228530013481419e-008	1.964389e-005	0.000000e+000	0.000000e+000	3.000032e+000	3.221230e-005	2.499995e-006	7.920743e-006	0.000000e+000	7.703561e-006
1.238770013481465e-008	1.908605e-005	0.000000e+000	0.000000e+000	3.000027e+000	2.667356e-005	2.499996e-006	7.920747e-006	0.000000e+000	7.709140e-006
1.249010013481510e-008	1.854463e-005	0.000000e+000	0.000000e+000	3.000022e+000	2.208716e-005	2.499996e-006	7.920750e-006	0.000000e+000	7.714554e-006
1.259250013481556e-008	1.801910e-005	0.000000e+000	0.000000e+000	3.000018e+000	1.828935e-005	2.499997e-006	7.920753e-006	0.000000e+000	7.719809e-006
1.269490013481601e-008	1.750897e-005	0.000000e+000	0.000000e+000	3.000015e+000	1.514456e-005	2.499997e-006	7.920755e-006	0.000000e+000	7.724911e-006
1.279730013481647e-008	1.701375e-005	0.000000e+000	0.000000e+000	3.000013e+000	1.254049e-005	2.499998e-006	7.920757e-006	0.000000e+000	7.729863e-006
1.289970013481692e-008	1.653300e-005	0.000000e+000	0.000000e+000	3.000010e+000	1.038418e-005	2.499998e-006	7.920758e-006	0.000000e+000	7.734670e-006
1.300210013481738e-008	1.606625e-005	0.000000e+000	0.000000e+000	3.000009e+000	8.598644e-006	2.499999e-006	7.920759e-006	0.000000e+000	7.739338e-006
1.310450013481783e-008	1.561307e-005	0.000000e+000	0.000000e+000	3.000007e+000	7.120123e-006	2.499999e-006	7.920760e-006	0.000000e+000	7.743869e-006
1.320690013481829e-008	1.517305e-005	0.000000e+000	0.000000e+000	3.000006e+000	5.895829e-006	2.499999e-006	7.920761e-006	0.000000e+000	7.748269e-006
1.330930013481874e-008	1.474579e-005	0.000000e+000	0.000000e+000	3.000005e+000	4.882049e-006	2.499999e-006	7.920762e-006	0.000000e+000	7.752542e-006
1.341170013481920e-008	1.433089e-005	0.000000e+000	0.000000e+000	3.000004e+000	4.042587e-006	2.499999e-006	7.920763e-006	0.000000e+000	7.756691e-006
1.351410013481965e-008	1.392798e-005	0.000000e+000	0.000000e+000	3.000003e+000	3.347469e-006	2.499999e-006	7.920763e-006	0.000000e+000	7.760720e-006
1.361650013482011e-008	1.353669e-005	0.000000e+000	0.000000e+000	3.000003e+000	2.771875e-006	2.499999e-006	7.920764e-006	0.000000e+000	7.764633e-006
1.371890013482056e-008	1.315668e-005	0.000000e+000	0.000000e+000	3.000002e+000	2.295254e-006	2.500000e-006	7.920764e-006	0.000000e+000	7.768434e-006
1.382130013482102e-008	1.278759e-005	0.000000e+000	0.000000e+000	3.000002e+000	1.900587e-006	2.500000e-006	7.920764e-006	0.000000e+000	7.772124e-006
1.392370013482147e-008	1.242911e-005	0.000000e+000	0.000000e+000	3.000002e+000	1.573782e-006	2.500000e-006	7.920765e-006	0.000000e+000	7.775709e-006
1.402610013482193e-008	1.208092e-005	0.000000e+000	0.000000e+000	3.000001e+000	1.303172e-006	2.500000e-006	7.920765e-006	0.000000e+000	7.779191e-006
1.412850013482238e-008	1.174270e-005	0.000000e+000	0.000000e+000	3.000001e+000	1.079092e-006	2.500000e-006	7.920765e-006	0.000000e+000	7.782573e-006
1.423090013482283e-008	1.141416e-005	0.000000e+000	0.000000e+000	3.000001e+000	8.935431e-007	2.500000e-006	7.920765e-006	0.000000e+000	7.785859e-006
1.433330013482329e-008	1.109501e-005	0.000000e+000	0.000000e+000	3.000001e+000	7.398990e-007	2.500000e-006	7.920765e-006	0.000000e+000	7.789050e-006
1.443570013482374e-008	1.078497e-005	0.000000e+000	0.000000e+000	3.000001e+000	6.126738e-007	2.500000e-006	7.920765e-006	0.000000e+000	7.792150e-006
1.453810013482420e-008	1.048376e-005	0.000000e+000	0.000000e+000	3.000000e+000	5.073250e-007	2.500000e-006	7.920765e-006	0.000000e+000	7.795163e-006
1.464050013482465e-008	1.019114e-005	0.000000e+000	0.000000e+000	3.000000e+000	4.200907e-007	2.500000e-006	7.920766e-006	0.000000e+000	7.798089e-006
1.474290013482511e-008	9.906844e-006	0.000000e+000	0.000000e+000	3.000000e+000	3.478564e-007	2.500000e-006	7.920766e-006	0.000000e+000	7.800932e-006
1.484530013482556e-008	9.630626e-006	0.000000e+000	0.000000e+000	3.000000e+000	2.880427e-007	2.500000e-006	7.920766e-006	0.000000e+000	7.803694e-006
1.494770013482525e-008	9.362248e-006	0.000000e+000	0.000000e+000	3.000000e+000	2.385139e-007	2.500000e-006	7.920766e-006	0.000000e+000	7.806378e-006
1.505010013482401e-008	9.101484e-006	0.000000e+000	0.000000e+000	3.000000e+000	1.975016e-007	2.500000e-006	7.920766e-006	0.000000e+000	7.808985e-006
1.515250013482277e-008	8.848106e-006	0.000000e+000	0.000000e+000	3.000000e+000	1.635413e-007	2.500000e-006	7.920766e-006	0.000000e+000	7.811519e-006
1.525490013482153e-008	8.601901e-006	0.000000e+000	0.000000e+000	3.000000e+000	1.354204e-007	2.500000e-006	7.920766e-006	0.000000e+000	7.813981e-006
1.535730013482029e-008	8.362658e-006	0.000000e+000	0.000000e+000	3.000000e+000	1.121350e-007	2.500000e-006	7.920766e-006	0.000000e+000	7.816373e-006
1.545970013481905e-008	8.130175e-006	0.000000e+000	0.000000e+000	3.000000e+000	9.285344e-008	2.500000e-006	7.920766e-006	0.000000e+000	7.818699e-006
1.556210013481781e-008	7.904255e-006	0.000000e+000	0.000000e+000	3.000000e+000	7.688735e-008	2.500000e-006	7.920766e-006	0.000000e+000	7.820958e-006
1.566450013481657e-008	7.684706e-006	0.000000e+000	0.000000e+000	3.000000e+000	6.366662e-008	2.500000e-006	7.920766e-006	0.000000e+000	7.823153e-006
1.576690013481534e-008	7.471345e-006	0.000000e+000	0.000000e+000	3.000000e+000	5.271917e-008	2.500000e-006	7.920766e-006	0.000000e+000	7.825287e-006
1.586930013481410e-008	7.263992e-006	0.000000e+000	0.000000e+000	3.000000e+000	4.365413e-008	2.500000e-006	7.920766e-006	0.000000e+000	7.827360e-006
1.597170013481286e-008	7.062474e-006	0.000000e+000	0.000000e+000	3.000000e+000	3.614785e-008	2.500000e-006	7.920766e-006	0.000000e+000	7.829375e-006
1.607410013481162e-008	6.866620e-006	0.000000e+000	0.000000e+000	3.000000e+000	2.993222e-008	2.500000e-006	7.920766e-006	0.000000e+000	7.831334e-006
1.617650013481038e-008	6.676270e-006	0.000000e+000	0.000000e+000	3.000000e+000	2.478540e-008	2.500000e-006	7.920766e-006	0.000000e+000	7.833237e-006
1.627890013480914e-008	6.491263e-006	0.000000e+000	0.000000e+000	3.000000e+000	2.052358e-008	2.500000e-006	7.920766e-006	0.000000e+000	7.835088e-006
1.638130013480790e-008	6.311446e-006	0.000000e+000	0.000000e+000	3.000000e+000	1.699456e-008	2.500000e-006	7.920766e-006	0.000000e+000	7.836886e-006
1.648370013480666e-008	6.136671e-006	0.000000e+000	0.000000e+000	3.000000e+000	1.407236e-008	2.500000e-006	7.920766e-006	0.000000e+000	7.838633e-006
1.658610013480542e-008	5.966792e-006	0.000000e+000	0.000000e+000	3.000000e+000	1.165263e-008	2.500000e-006	7.920766e-006	0.000000e+000	7.840332e-006
1.668850013480418e-008	5.801669e-006	0.000000e+000	0.000000e+000	3.000000e+000	9.648964e-009	2.500000e-006	7.920766e-006	0.000000e+000	7.841983e-006
1.679090013480294e-008	5.641166e-006	0.000000e+000	0.000000e+000	3.000000e+000	7.989830e-009	2.500000e-006	7.920766e-006	0.000000e+000	7.843589e-006
1.689330013480170e-008	5.485152e-006	0.000000e+000	0.000000e+000	3.000000e+000	6.615998e-009	2.500000e-006	7.920766e-006	0.000000e+000	7.845149e-006
1.699570013480047e-008	5.333497e-006	0.000000e+000	0.000000e+000	3.000000e+000	5.478384e-009	2.500000e-006	7.920766e-006	0.000000e+000	7.846665e-006
1.709810013479923e-008	5.186078e-006	0.000000e+000	0.000000e+000	3.000000e+000	4.536388e-009	2.500000e-006	7.920766e-006	0.000000e+000	7.848139e-006
1.720050013479799e-008	5.042774e-006	0.000000e+000	0.000000e+000	3.000000e+000	3.756360e-009	2.500000e-006	7.920766e-006	0.000000e+000	7.849572e-006
1.730290013479675e-008	4.903468e-006	0.000000e+000	0.000000e+000	3.000000e+000	3.110452e-009	2.500000e-006	7.920766e-006	0.000000e+000	7.850966e-006
1.740530013479551e-008	4.768047e-006	0.000000e+000	0.000000e+000	3.000000e+000	2.575606e-009	2.500000e-006	7.920766e-006	0.000000e+000	7.852320e-006
1.750770013479427e-008	4.636400e-006	0.000000e+000	0.000000e+000	3.000000e+000	2.132735e-009	2.500000e-006	7.920766e-006	0.000000e+000	7.853636e-006
1.761010013479303e-008	4.508419e-006	0.000000e+000	0.000000e+000	3.000000e+000	1.766009e-009	2.500000e-006	7.920766e-006	0.000000e+000	7.854916e-006
1.771250013479179e-008	4.384003e-006	0.000000e+000	0.000000e+000	3.000000e+000	1.462362e-009	2.500000e-006	7.920766e-006	0.000000e+000	7.856160e-006
1.781490013479055e-008	4.263048e-006	0.000000e+000	0.000000e+000	3.000000e+000	1.210923e-009	2.500000e-006	7.920766e-006	0.000000e+000	7.857369e-006
1.791730013478931e-008	4.145458e-006	0.000000e+000	0.000000e+000	3.000000e+000	1.002700e-009	2.500000e-006	7.920766e-006	0.000000e+000	7.858545e-006
1.801970013478807e-008	4.031137e-006	0.000000e+000	0.000000e+000	3.000000e+000	8.302952e-010	2.500000e-006	7.920766e-006	0.000000e+000	7.859689e-006
1.812210013478684e-008	3.919993e-006	0.000000e+000	0.000000e+000	3.000000e+000	6.875366e-010	2.500000e-006	7.920766e-006	0.000000e+000	7.860800e-006
1.822450013478560e-008	3.811937e-006	0.000000e+000	0.000000e+000	3.000000e+000	5.693080e-010	2.500000e-006	7.920766e-006	0.000000e+000	7.861880e-006
1.832690013478436e-008	3.706881e-006	0.000000e+000	0.000000e+000	3.000000e+000	4.714195e-010	2.500000e-006	7.920766e-006	0.000000e+000	7.862931e-006
1.842930013478312e-008	3.604741e-006	0.000000e+000	0.000000e+000	3.000000e+000	3.903611e-010	2.500000e-006	7.920766e-006	0.000000e+000	7.863952e-006
1.853170013478188e-008	3.505435e-006	0.000000e+000	0.000000e+000	3.000000e+000	3.232236e-010	2.500000e-006	7.920766e-006	0.000000e+000	7.864945e-006
1.863410013478064e-008	3.408883e-006	0.000000e+000	0.000000e+000	3.000000e+000	2.676499e-010	2.500000e-006	7.920766e-006	0.000000e+000	7.865911e-006
1.873650013477940e-008	3.315007e-006	0.000000e+000	0.000000e+000	3.000000e+000	2.216232e-010	2.500000e-006	7.920766e-006	0.000000e+000	7.866850e-006
1.883890013477816e-008	3.223734e-006	0.000000e+000	0.000000e+000	3.000000e+000	1.835118e-010	2.500000e-006	7.920766e-006	0.000000e+000	7.867763e-006
1.894130013477692e-008	3.134989e-006	0.000000e+000	0.000000e+000	3.000000e+000	1.519553e-010	2.500000e-006	7.920766e-006	0.000000e+000	7.868650e-006
1.904370013477568e-008	3.048702e-006	0.000000e+000	0.000000e+000	3.000000e+000	1.258339e-010	2.500000e-006	7.920766e-006	0.000000e+000	7.869513e-006
1.914610013477444e-008	2.964804e-006	0.000000e+000	0.000000e+000	3.000000e+000	1.041917e-010	2.500000e-006	7.920766e-006	0.000000e+000	7.870352e-006
1.924850013477320e-008	2.883227e-006	0.000000e+000	0.000000e+000	3.000000e+000	8.627241e-011	2.500000e-006	7.920766e-006	0.000000e+000	7.871167e-006
1.935090013477197e-008	2.803908e-006	0.000000e+000	0.000000e+000	3.000000e+000	7.145944e-011	2.500000e-006	7.920766e-006	0.000000e+000	7.871961e-006
1.945330013477073e-008	2.726783e-006	0.000000e+000	0.000000e+000	3.000000e+000	5.915955e-011	2.500000e-006	7.920766e-006	0.000000e+000	7.872733e-006
1.955570013476949e-008	2.651790e-006	0.000000e+000	0.000000e+000	3.000000e+000	4.898511e-011	2.500000e-006	7.920766e-006	0.000000e+000	7.873482e-006
1.965810013476825e-008	2.578870e-006	0.000000e+000	0.000000e+000	3.000000e+000	4.057828e-011	2.500000e-006	7.920766e-006	0.000000e+000	7.874211e-006
1.976050013476701e-008	2.507966e-006	0.000000e+000	0.000000e+000	3.000000e+000	3.361402e-011	2.500000e-006	7.920766e-006	0.000000e+000	7.874920e-006
1.986290013476577e-008	2.439020e-006	0.000000e+000	0.000000e+000	3.000000e+000	2.781307e-011	2.500000e-006	7.920766e-006	0.000000e+000	7.875610e-006
1.996530013476453e-008	2.371979e-006	0.000000e+000	0.000000e+000	3.000000e+000	2.304221e-011	2.500000e-006	7.920766e-006	0.000000e+000	7.876281e-006
2.006770013476329e-008	2.306789e-006	0.000000e+000	0.000000e+000	3.000000e+000	1.910386e-011	2.500000e-006	7.920766e-006	0.000000e+000	7.876932e-006
2.017010013476205e-008	2.243398e-006	0.000000e+000	0.000000e+000	3.000000e+000	1.580711e-011	2.500000e-006	7.920766e-006	0.000000e+000	7.877566e-006
2.027250013476081e-008	2.181757e-006	0.000000e+000	0.000000e+000	3.000000e+000	1.309156e-011	2.500000e-006	7.920766e-006	0.000000e+000	7.878182e-006
2.037490013475957e-008	2.121817e-006	0.000000e+000	0.000000e+000	3.000000e+000	1.083422e-011	2.500000e-006	7.920766e-006	0.000000e+000	7.878782e-006
2.047730013475834e-008	2.063530e-006	0.000000e+000	0.000000e+000	3.000000e+000	9.029335e-012	2.500000e-006	7.920766e-006	0.000000e+000	7.879365e-006
2.057970013475710e-008	2.006851e-006	0.000000e+000	0.000000e+000	3.000000e+000	7.541022e-012	2.500000e-006	7.920766e-006	0.000000e+000	7.879931e-006
2.068210013475586e-008	1.951734e-006	0.000000e+000	0.000000e+000	3.000000e+000	6.206335e-012	2.500000e-006	7.920766e-006	0.000000e+000	7.880482e-006
2.078450013475462e-008	1.898137e-006	0.000000e+000	0.000000e+000	3.000000e+000	5.265927e-012	2.500000e-006	7.920766e-006	0.000000e+000	7.881019e-006
2.088690013475338e-008	1.846018e-006	0.000000e+000	0.000000e+000	3.000000e+000	4.384573e-012	2.500000e-006	7.920766e-006	0.000000e+000	7.881540e-006
2.098930013475214e-008	1.795334e-006	0.000000e+000	0.000000e+000	3.000000e+000	3.614664e-012	2.500000e-006	7.920766e-006	0.000000e+000	7.882047e-006
2.109170013475090e-008	1.746047e-006	0.000000e+000	0.000000e+000	3.000000e+000	3.614664e-012	2.500000e-006	7.920766e-006	0.000000e+000	7.882540e-006
2.119410013474966e-008	1.698118e-006	0.000000e+000	0.000000e+000	3.000000e+000	3.614664e-012	2.500000e-006	7.920766e-006	0.000000e+000	7.883019e-006
2.129650013474842e-008	1.651508e-006	0.000000e+000	0.000000e+000	3.000000e+000	3.614664e-012	2.500000e-006	7.920766e-006	0.000000e+000	7.883485e-006
2.139890013474718e-008	1.606182e-006	0.000000e+000	0.000000e+000	3.000000e+000	3.614664e-012	2.500000e-006	7.920766e-006	0.000000e+000	7.883938e-006
2.150130013474594e-008	1.562104e-006	0.000000e+000	0.000000e+000	3.000000e+000	3.614664e-012	2.500000e-006	7.920766e-006	0.000000e+000	7.884379e-006
2.160370013474470e-008	1.519239e-006	0.000000e+000	0.000000e+000	3.000000e+000	3.614664e-012	2.500000e-006	7.920766e-006	0.000000e+000	7.884808e-006
2.170610013474347e-008	1.477553e-006	0.000000e+000	0.000000e+000	3.000000e+000	3.614664e-012	2.500000e-006	7.920766e-006	0.000000e+000	7.885224e-006
2.180850013474223e-008	1.437015e-006	0.000000e+000	0.000000e+000	3.000000e+000	3.614664e-012	2.500000e-006	7.920766e-006	0.000000e+000	7.885630e-006
2.191090013474099e-008	1.397592e-006	0.000000e+000	0.000000e+000	3.000000e+000	3.614664e-012	2.500000e-006	7.920766e-006	0.000000e+000	7.886024e-006
2.201330013473975e-008	1.359254e-006	0.000000e+000	0.000000e+000	3.000000e+000	3.614664e-012	2.500000e-006	7.920766e-006	0.000000e+000	7.886408e-006
2.211570013473851e-008	1.321970e-006	0.000000e+000	0.000000e+000	3.000000e+000	3.614664e-012	2.500000e-006	7.920766e-006	0.000000e+000	7.886781e-006
2.221810013473727e-008	1.285711e-006	0.000000e+000	0.000000e+000	3.000000e+000	3.614664e-012	2.500000e-006	7.920766e-006	0.000000e+000	7.887143e-006
2.232050013473603e-008	1.250449e-006	0.000000e+000	0.000000e+000	3.000000e+000	3.614664e-012	2.500000e-006	7.920766e-006	0.000000e+000	7.887495e-006
2.242290013473479e-008	1.216157e-006	0.000000e+000	0.000000e+000	3.000000e+000	3.614664e-012	2.500000e-006	7.920766e-006	0.000000e+000	7.887838e-006
2.252530013473355e-008	1.182807e-006	0.000000e+000	0.000000e+000	3.000000e+000	3.614664e-012	2.500000e-006	7.920766e-006	0.000000e+000	7.888172e-006
2.262770013473231e-008	1.150374e-006	0.000000e+000	0.000000e+000	3.000000e+000	3.614664e-012	2.500000e-006	7.920766e-006	0.000000e+000	7.888496e-006
2.273010013473107e-008	1.118833e-006	0.000000e+000	0.000000e+000	3.000000e+000	3.614664e-012	2.500000e-006	7.920766e-006	0.000000e+000	7.888812e-006
2.283250013472983e-008	1.088158e-006	0.000000e+000	0.000000e+000	3.000000e+000	3.614664e-012	2.500000e-006	7.920766e-006	0.000000e+000	7.889118e-006
2.293490013472860e-008	1.058325e-006	0.000000e+000	0.000000e+000	3.000000e+000	3.614664e-012	2.500000e-006	7.920766e-006	0.000000e+000	7.889416e-006
2.303730013472736e-008	1.029313e-006	0.000000e+000	0.000000e+000	3.000000e+000	3.614664e-012	2.500000e-006	7.920766e-006	0.000000e+000	7.889706e-006
2.313970013472612e-008	1.001097e-006	0.000000e+000	0.000000e+000	3.000000e+000	3.614664e-012	2.500000e-006	7.920766e-006	0.000000e+000	7.889989e-006
2.324210013472488e-008	9.736559e-007	0.000000e+000	0.000000e+000	3.000000e+000	3.614664e-012	2.500000e-006	7.920766e-006	0.000000e+000	7.890263e-006
2.334450013472364e-008	9.469687e-007	0.000000e+000	0.000000e+000	3.000000e+000	3.614664e-012	2.500000e-006	7.920766e-006	0.000000e+000	7.890530e-006
2.344690013472240e-008	9.210142e-007	0.000000e+000	0.000000e+000	3.000000e+000	3.614664e-012	2.500000e-006	7.920766e-006	0.000000e+000	7.890790e-006
2.354930013472116e-008	8.957725e-007	0.000000e+000	0.000000e+000	3.000000e+000	3.614664e-012	2.500000e-006	7.920766e-006	0.000000e+000	7.891043e-006
2.365170013471992e-008	8.712237e-007	0.000000e+000	0.000000e+000	3.000000e+000	3.614664e-012	2.500000e-006	7.920766e-006	0.000000e+000	7.891288e-006
2.375410013471868e-008	8.473488e-007	0.000000e+000	0.000000e+000	3.000000e+000	3.614664e-012	2.500000e-006	7.920766e-006	0.000000e+000	7.891526e-006
2.385650013471744e-008	8.241292e-007	0.000000e+000	0.000000e+000	3.000000e+000	3.614664e-012	2.500000e-006	7.920766e-006	0.000000e+000	7.891758e-006
2.395890013471620e-008	8.015469e-007	0.000000e+000	0.000000e+000	3.000000e+000	3.614664e-012	2.500000e-006	7.920766e-006	0.000000e+000	7.891985e-006
2.406130013471497e-008	7.795844e-007	0.000000e+000	0.000000e+000	3.000000e+000	3.614664e-012	2.500000e-006	7.920766e-006	0.000000e+000	7.892204e-006
2.416370013471373e-008	7.582245e-007	0.000000e+000	0.000000e+000	3.000000e+000	3.614664e-012	2.500000e-006	7.920766e-006	0.000000e+000	7.892418e-006
2.426610013471249e-008	7.374508e-007	0.000000e+000	0.000000e+000	3.000000e+000	3.614664e-012	2.500000e-006	7.920766e-006	0.000000e+000	7.892626e-006
2.436850013471125e-008	7.172470e-007	0.000000e+000	0.000000e+000	3.000000e+000	3.614664e-012	2.500000e-006	7.920766e-006	0.000000e+000	7.892828e-006
2.447090013471001e-008	6.975976e-007	0.000000e+000	0.000000e+000	3.000000e+000	3.614664e-012	2.500000e-006	7.920766e-006	0.000000e+000	7.893024e-006
2.457330013470877e-008	6.784871e-007	0.000000e+000	0.000000e+000	3.000000e+000	3.614664e-012	2.500000e-006	7.920766e-006	0.000000e+000	7.893215e-006
2.467570013470753e-008	6.599009e-007	0.000000e+000	0.000000e+000	3.000000e+000	3.614664e-012	2.500000e-006	7.920766e-006	0.000000e+000	7.893401e-006
2.477810013470629e-008	6.418244e-007	0.000000e+000	0.000000e+000	3.000000e+000	3.614664e-012	2.500000e-006	7.920766e-006	0.000000e+000	7.893582e-006
2.488050013470505e-008	6.242437e-007	0.000000e+000	0.000000e+000	3.000000e+000	3.614664e-012	2.500000e-006	7.920766e-006	0.000000e+000	7.893757e-006
2.498290013470381e-008	6.071452e-007	0.000000e+000	0.000000e+000	3.000000e+000	3.614664e-012	2.500000e-006	7.920766e-006	0.000000e+000	7.893928e-006
2.499990013470361e-008	6.043524e-007	0.000000e+000	0.000000e+000	3.000000e+000	3.614664e-012	2.500000e-006	7.920766e-006	0.000000e+000	7.893957e-006
2.500000000000000e-008	6.043360e-007	0.000000e+000	0.000000e+000	3.000000e+000	3.614221e-012	2.500000e-006	7.920766e-006	0.000000e+000	7.893957e-006
