time	V(vout1)	V(u1:n_state)	V(u1:r_hs)	V(u1:tsub)	V(u1:ttherm)	I(u1:B_ir)	I(u1:B_isw)	I(u1:B_ph)	abs(I(u1:L_kinetic))
0.000000000000000e+000	0.000000e+000	0.000000e+000	0.000000e+000	3.000000e+000	0.000000e+000	2.500000e-006	7.920766e-006	0.000000e+000	7.900000e-006
9.937272951231459e-011	-6.722585e-014	0.000000e+000	0.000000e+000	3.000000e+000	0.000000e+000	2.500000e-006	7.920766e-006	0.000000e+000	7.900000e-006
2.017727295123195e-010	-6.376270e-014	0.000000e+000	0.000000e+000	3.000000e+000	0.000000e+000	2.500000e-006	7.920766e-006	0.000000e+000	7.900000e-006
3.041727295123060e-010	-6.030538e-014	0.000000e+000	0.000000e+000	3.000000e+000	0.000000e+000	2.500000e-006	7.920766e-006	0.000000e+000	7.900000e-006
4.065727295122845e-010	-5.686001e-014	0.000000e+000	0.000000e+000	3.000000e+000	0.000000e+000	2.500000e-006	7.920766e-006	0.000000e+000	7.900000e-006
5.089727295122853e-010	-5.398685e-014	0.000000e+000	0.000000e+000	3.000000e+000	0.000000e+000	2.500000e-006	7.920766e-006	0.000000e+000	7.900000e-006
6.113727295123167e-010	-5.126146e-014	0.000000e+000	0.000000e+000	3.000000e+000	0.000000e+000	2.500000e-006	7.920766e-006	0.000000e+000	7.900000e-006
7.137727295123482e-010	-4.854802e-014	0.000000e+000	0.000000e+000	3.000000e+000	0.000000e+000	2.500000e-006	7.920766e-006	0.000000e+000	7.900000e-006
8.161727295123796e-010	-4.580561e-014	0.000000e+000	0.000000e+000	3.000000e+000	0.000000e+000	2.500000e-006	7.920766e-006	0.000000e+000	7.900000e-006
9.185727295124110e-010	-4.323426e-014	0.000000e+000	0.000000e+000	3.000000e+000	0.000000e+000	2.500000e-006	7.920766e-006	0.000000e+000	7.900000e-006
1.020972729512442e-009	-4.118415e-014	0.000000e+000	0.000000e+000	3.000000e+000	0.000000e+000	2.500000e-006	7.920766e-006	0.000000e+000	7.900000e-006
1.123372729512474e-009	-3.912421e-014	0.000000e+000	0.000000e+000	3.000000e+000	0.000000e+000	2.500000e-006	7.920766e-006	0.000000e+000	7.900000e-006
1.225772729512505e-009	-3.700440e-014	0.000000e+000	0.000000e+000	3.000000e+000	0.000000e+000	2.500000e-006	7.920766e-006	0.000000e+000	7.900000e-006
1.328172729512537e-009	-3.490042e-014	0.000000e+000	0.000000e+000	3.000000e+000	0.000000e+000	2.500000e-006	7.920766e-006	0.000000e+000	7.900000e-006
1.430572729512568e-009	-3.283819e-014	0.000000e+000	0.000000e+000	3.000000e+000	0.000000e+000	2.500000e-006	7.920766e-006	0.000000e+000	7.900000e-006
1.532972729512599e-009	-3.091061e-014	0.000000e+000	0.000000e+000	3.000000e+000	0.000000e+000	2.500000e-006	7.920766e-006	0.000000e+000	7.900000e-006
1.635372729512631e-009	-2.956270e-014	0.000000e+000	0.000000e+000	3.000000e+000	0.000000e+000	2.500000e-006	7.920766e-006	0.000000e+000	7.900000e-006
1.737772729512662e-009	-2.822494e-014	0.000000e+000	0.000000e+000	3.000000e+000	0.000000e+000	2.500000e-006	7.920766e-006	0.000000e+000	7.900000e-006
1.840172729512694e-009	-2.688550e-014	0.000000e+000	0.000000e+000	3.000000e+000	0.000000e+000	2.500000e-006	7.920766e-006	0.000000e+000	7.900000e-006
1.942572729512725e-009	-2.553072e-014	0.000000e+000	0.000000e+000	3.000000e+000	0.000000e+000	2.500000e-006	7.920766e-006	0.000000e+000	7.900000e-006
2.000000000000000e-009	-2.476498e-014	0.000000e+000	0.000000e+000	3.000000e+000	4.440863e-016	2.500000e-006	7.920766e-006	0.000000e+000	7.900000e-006
2.000000149273551e-009	8.286180e-008	0.000000e+000	0.000000e+000	3.001051e+000	1.051119e-003	2.499709e-006	7.919536e-006	1.912628e-006	7.899585e-006
2.000000447820653e-009	3.525817e-007	0.000000e+000	0.000000e+000	3.007318e+000	7.318208e-003	2.498763e-006	7.915533e-006	5.737882e-006	7.898238e-006
2.000000522457429e-009	4.426298e-007	0.000000e+000	0.000000e+000	3.009143e+000	9.142762e-003	2.498447e-006	7.914199e-006	6.694197e-006	7.897786e-006
2.000000671730980e-009	6.891610e-007	0.000000e+000	0.000000e+000	3.013813e+000	1.381254e-002	2.497586e-006	7.910548e-006	8.606824e-006	7.896554e-006
2.000001007279429e-009	1.378753e-006	0.000000e+000	0.000000e+000	3.028834e+000	2.883442e-002	2.495183e-006	7.900347e-006	1.290617e-005	7.893106e-006
2.000001081282122e-009	1.560511e-006	0.000000e+000	0.000000e+000	3.032492e+000	3.249202e-002	2.494553e-006	7.897665e-006	1.385436e-005	7.892198e-006
2.000001290595689e-009	2.121601e-006	4.178925e-009	1.493181e-011	3.044266e+000	4.426634e-002	2.492611e-006	7.889390e-006	1.653628e-005	7.889392e-006
2.000013266026616e-009	7.827711e-006	9.926717e-001	4.123211e-003	3.151252e+000	1.512523e-001	2.473390e-006	7.806256e-006	9.100567e-005	7.860862e-006
2.000013444157464e-009	8.297784e-006	1.000000e+000	4.743074e-003	3.168175e+000	1.681748e-001	2.471846e-006	7.799487e-006	9.040583e-005	7.858512e-006
2.000013675270962e-009	9.379241e-006	1.000000e+000	6.261987e-003	3.189178e+000	1.891783e-001	2.468317e-006	7.783962e-006	8.744459e-005	7.853104e-006
2.000013947942211e-009	1.058206e-005	1.000000e+000	8.055961e-003	3.212677e+000	2.126773e-001	2.464433e-006	7.766781e-006	8.395088e-005	7.847089e-006
2.000014493284711e-009	1.280944e-005	1.000000e+000	1.164843e-002	3.254827e+000	2.548266e-001	2.457328e-006	7.735152e-006	7.696346e-005	7.835953e-006
2.000014993413485e-009	1.468611e-005	1.000000e+000	1.494753e-002	3.289629e+000	2.896290e-001	2.451421e-006	7.708677e-006	7.055536e-005	7.826569e-006
2.000015526236649e-009	1.648034e-005	1.000000e+000	1.846738e-002	3.322554e+000	3.225543e-001	2.445853e-006	7.683543e-006	6.372835e-005	7.817598e-006
2.000016137509906e-009	1.830078e-005	1.000000e+000	2.251057e-002	3.355135e+000	3.551349e-001	2.440275e-006	7.658204e-006	5.589616e-005	7.808496e-006
2.000016693985216e-009	1.973726e-005	1.000000e+000	2.619549e-002	3.380675e+000	3.806753e-001	2.435922e-006	7.638324e-006	4.876610e-005	7.801314e-006
2.000017307890887e-009	2.107580e-005	1.000000e+000	3.026469e-002	3.404027e+000	4.040270e-001	2.431907e-006	7.619893e-006	4.090018e-005	7.794621e-006
2.000017875474989e-009	2.208671e-005	1.000000e+000	3.402983e-002	3.421620e+000	4.216197e-001	2.428898e-006	7.606031e-006	3.362778e-005	7.789567e-006
2.000018483035536e-009	2.292468e-005	1.000000e+000	3.806271e-002	3.435987e+000	4.359869e-001	2.426420e-006	7.594580e-006	2.584317e-005	7.785377e-006
2.000019057109088e-009	2.348677e-005	1.000000e+000	4.187507e-002	3.445651e+000	4.456509e-001	2.424765e-006	7.586917e-006	1.848762e-005	7.782566e-006
2.000019921840263e-009	2.396467e-005	1.000000e+000	4.761963e-002	3.453304e+000	4.533040e-001	2.423364e-006	7.580414e-006	7.407905e-006	7.780177e-006
2.000020447035226e-009	2.401006e-005	1.000000e+000	5.110924e-002	3.453627e+000	4.536271e-001	2.423231e-006	7.579798e-006	2.284613e-006	7.779950e-006
2.000021027967445e-009	2.401504e-005	1.000000e+000	5.496923e-002	3.453627e+000	4.536270e-001	2.423216e-006	7.579730e-006	2.051442e-007	7.779925e-006
2.000021916192006e-009	2.401503e-005	1.000000e+000	6.087101e-002	3.453627e+000	4.536268e-001	2.423216e-006	7.579730e-006	0.000000e+000	7.779925e-006
2.004835078745007e-009	2.456707e-005	1.000000e+000	3.205446e+001	3.457962e+000	4.579624e-001	2.422487e-006	7.576527e-006	0.000000e+000	7.777165e-006
2.009648241298007e-009	2.617717e-005	1.000000e+000	6.403128e+001	3.469764e+000	4.697639e-001	2.420458e-006	7.567106e-006	0.000000e+000	7.769114e-006
2.014461403851008e-009	2.884533e-005	1.000000e+000	9.599136e+001	3.489031e+000	4.890313e-001	2.417130e-006	7.551467e-006	0.000000e+000	7.755773e-006
2.019274566404008e-009	3.257156e-005	1.000000e+000	1.279347e+002	3.515765e+000	5.157646e-001	2.412502e-006	7.529610e-006	0.000000e+000	7.737142e-006
2.024087728957008e-009	3.735585e-005	1.000000e+000	1.598612e+002	3.549964e+000	5.499639e-001	2.406575e-006	7.501535e-006	0.000000e+000	7.713220e-006
2.028900891510009e-009	4.319821e-005	1.000000e+000	1.917710e+002	3.591629e+000	5.916290e-001	2.399349e-006	7.467242e-006	0.000000e+000	7.684009e-006
2.033714054063009e-009	5.009864e-005	1.000000e+000	2.236641e+002	3.640760e+000	6.407601e-001	2.390823e-006	7.426731e-006	0.000000e+000	7.649507e-006
2.036514125438834e-009	5.451322e-005	1.000000e+000	2.421923e+002	3.671233e+000	6.712332e-001	2.385506e-006	7.401155e-006	0.000000e+000	7.627434e-006
2.041529767536801e-009	6.333167e-005	1.000000e+000	2.753734e+002	3.731814e+000	7.318144e-001	2.374924e-006	7.350031e-006	0.000000e+000	7.583341e-006
2.046545409634768e-009	7.297345e-005	1.000000e+000	3.084677e+002	3.795472e+000	7.954725e-001	2.363729e-006	7.295251e-006	0.000000e+000	7.535133e-006
2.051561051732736e-009	8.343853e-005	1.000000e+000	3.414754e+002	3.862207e+000	8.622075e-001	2.351922e-006	7.236813e-006	0.000000e+000	7.482807e-006
2.056576693830703e-009	9.472693e-005	1.000000e+000	3.743965e+002	3.932019e+000	9.320195e-001	2.339501e-006	7.174719e-006	0.000000e+000	7.426365e-006
2.061592335928670e-009	1.068386e-004	1.000000e+000	4.072309e+002	4.004908e+000	1.004908e+000	2.326469e-006	7.108968e-006	0.000000e+000	7.365807e-006
2.066607978026637e-009	1.197737e-004	1.000000e+000	4.399787e+002	4.080874e+000	1.080874e+000	2.312823e-006	7.039560e-006	0.000000e+000	7.301132e-006
2.071623620124605e-009	1.335320e-004	1.000000e+000	4.726399e+002	4.159917e+000	1.159917e+000	2.298565e-006	6.966495e-006	0.000000e+000	7.232340e-006
2.077685542137389e-009	1.510487e-004	1.000000e+000	5.119632e+002	4.256161e+000	1.256160e+000	2.281052e-006	6.875453e-006	0.000000e+000	7.144757e-006
2.083747464150174e-009	1.691999e-004	1.000000e+000	5.510041e+002	4.351716e+000	1.351716e+000	2.263529e-006	6.783577e-006	0.000000e+000	7.054000e-006
2.089809386162958e-009	1.879857e-004	1.000000e+000	5.897625e+002	4.446583e+000	1.446583e+000	2.245997e-006	6.690867e-006	0.000000e+000	6.960072e-006
2.095871308175743e-009	2.074060e-004	1.000000e+000	6.282384e+002	4.540762e+000	1.540762e+000	2.228457e-006	6.597323e-006	0.000000e+000	6.862970e-006
2.101933230188527e-009	2.274608e-004	1.000000e+000	6.664319e+002	4.634253e+000	1.634253e+000	2.210907e-006	6.502944e-006	0.000000e+000	6.762696e-006
2.107995152201312e-009	2.481502e-004	1.000000e+000	7.043429e+002	4.727055e+000	1.727055e+000	2.193349e-006	6.407731e-006	0.000000e+000	6.659249e-006
2.114057074214096e-009	2.694741e-004	1.000000e+000	7.419714e+002	4.819169e+000	1.819169e+000	2.175782e-006	6.311684e-006	0.000000e+000	6.552629e-006
2.114127866710573e-009	2.697233e-004	1.000000e+000	7.424080e+002	4.820220e+000	1.820221e+000	2.175580e-006	6.310581e-006	0.000000e+000	6.551383e-006
2.124283163064918e-009	3.064012e-004	1.000000e+000	8.047456e+002	4.968764e+000	1.968764e+000	2.146839e-006	6.151811e-006	0.000000e+000	6.367994e-006
2.134438459419263e-009	3.434451e-004	1.000000e+000	8.656688e+002	5.110142e+000	2.110142e+000	2.119223e-006	5.998784e-006	0.000000e+000	6.182774e-006
2.144593755773608e-009	3.808552e-004	1.000000e+000	9.251775e+002	5.244356e+000	2.244356e+000	2.092731e-006	5.851499e-006	0.000000e+000	5.995724e-006
2.154749052127953e-009	4.186314e-004	1.000000e+000	9.832718e+002	5.371405e+000	2.371405e+000	2.067363e-006	5.709957e-006	0.000000e+000	5.806843e-006
2.164904348482298e-009	4.567737e-004	1.000000e+000	1.039952e+003	5.491290e+000	2.491290e+000	2.043120e-006	5.574157e-006	0.000000e+000	5.616131e-006
2.175059644836643e-009	4.952822e-004	1.000000e+000	1.095217e+003	5.604010e+000	2.604009e+000	2.020001e-006	5.444100e-006	0.000000e+000	5.423589e-006
2.185214941190988e-009	5.341567e-004	1.000000e+000	1.149068e+003	5.709565e+000	2.709565e+000	1.998006e-006	5.319785e-006	0.000000e+000	5.229216e-006
2.185283623732525e-009	5.344172e-004	1.000000e+000	1.149425e+003	5.710252e+000	2.710252e+000	1.997863e-006	5.318979e-006	0.000000e+000	5.227914e-006
2.195386851689421e-009	5.728509e-004	1.000000e+000	1.201199e+003	5.807229e+000	2.807229e+000	1.977455e-006	5.204145e-006	0.000000e+000	5.035745e-006
2.205490079646317e-009	6.109977e-004	1.000000e+000	1.250968e+003	5.897890e+000	2.897890e+000	1.958261e-006	5.096288e-006	0.000000e+000	4.845011e-006
2.215593307603214e-009	6.488577e-004	1.000000e+000	1.298731e+003	5.982236e+000	2.982236e+000	1.940281e-006	4.995408e-006	0.000000e+000	4.655711e-006
2.225696535560110e-009	6.864309e-004	1.000000e+000	1.344489e+003	6.060265e+000	3.060265e+000	1.923515e-006	4.901506e-006	0.000000e+000	4.467845e-006
2.235799763517007e-009	7.237172e-004	1.000000e+000	1.388242e+003	6.131979e+000	3.131979e+000	1.907963e-006	4.814580e-006	0.000000e+000	4.281414e-006
2.245902991473903e-009	7.607166e-004	1.000000e+000	1.429990e+003	6.197377e+000	3.197377e+000	1.893625e-006	4.734631e-006	0.000000e+000	4.096417e-006
2.256006219430799e-009	7.974291e-004	1.000000e+000	1.469733e+003	6.256460e+000	3.256460e+000	1.880501e-006	4.661659e-006	0.000000e+000	3.912854e-006
2.256077508662970e-009	7.976851e-004	1.000000e+000	1.470004e+003	6.256862e+000	3.256862e+000	1.880412e-006	4.661164e-006	0.000000e+000	3.911574e-006
2.268676600935005e-009	8.429576e-004	1.000000e+000	1.516339e+003	6.322414e+000	3.322414e+000	1.865773e-006	4.580124e-006	0.000000e+000	3.685212e-006
2.281275693207039e-009	8.866401e-004	1.000000e+000	1.558894e+003	6.381625e+000	3.381625e+000	1.852508e-006	4.506805e-006	0.000000e+000	3.466799e-006
2.293874785479074e-009	9.287327e-004	1.000000e+000	1.597670e+003	6.434495e+000	3.434495e+000	1.840618e-006	4.441210e-006	0.000000e+000	3.256337e-006
2.306473877751108e-009	9.692353e-004	1.000000e+000	1.632666e+003	6.481024e+000	3.481024e+000	1.830102e-006	4.383336e-006	0.000000e+000	3.053824e-006
2.319072970023143e-009	1.008148e-003	1.000000e+000	1.663882e+003	6.521212e+000	3.521212e+000	1.820961e-006	4.333185e-006	0.000000e+000	2.859260e-006
2.331672062295177e-009	1.045471e-003	1.000000e+000	1.691318e+003	6.555060e+000	3.555060e+000	1.813193e-006	4.290757e-006	0.000000e+000	2.672647e-006
2.344271154567212e-009	1.081203e-003	1.000000e+000	1.714974e+003	6.582566e+000	3.582566e+000	1.806801e-006	4.256051e-006	0.000000e+000	2.493983e-006
2.344371154567212e-009	1.081474e-003	1.000000e+000	1.715144e+003	6.582778e+000	3.582778e+000	1.806752e-006	4.255784e-006	0.000000e+000	2.492631e-006
2.353411638277749e-009	1.105360e-003	1.000000e+000	1.729655e+003	6.600489e+000	3.600489e+000	1.802658e-006	4.233519e-006	0.000000e+000	2.373201e-006
2.362452121988286e-009	1.128028e-003	1.000000e+000	1.741979e+003	6.616609e+000	3.616609e+000	1.798928e-006	4.213245e-006	0.000000e+000	2.259860e-006
2.371492605698823e-009	1.149479e-003	1.000000e+000	1.752116e+003	6.631140e+000	3.631140e+000	1.795562e-006	4.194963e-006	0.000000e+000	2.152607e-006
2.380533089409361e-009	1.169712e-003	1.000000e+000	1.760067e+003	6.644081e+000	3.644081e+000	1.792560e-006	4.178671e-006	0.000000e+000	2.051441e-006
2.389573573119898e-009	1.188727e-003	1.000000e+000	1.765832e+003	6.655432e+000	3.655433e+000	1.789922e-006	4.164370e-006	0.000000e+000	1.956364e-006
2.398614056830435e-009	1.206525e-003	1.000000e+000	1.769410e+003	6.665194e+000	3.665194e+000	1.787648e-006	4.152061e-006	0.000000e+000	1.867374e-006
2.407654540540972e-009	1.223105e-003	1.000000e+000	1.770802e+003	6.673366e+000	3.673366e+000	1.785738e-006	4.141742e-006	0.000000e+000	1.784473e-006
2.407721598269055e-009	1.223224e-003	1.000000e+000	1.770802e+003	6.673425e+000	3.673425e+000	1.785725e-006	4.141668e-006	0.000000e+000	1.783880e-006
2.407788646687714e-009	1.223343e-003	1.000000e+000	1.770802e+003	6.673484e+000	3.673484e+000	1.785711e-006	4.141593e-006	0.000000e+000	1.783287e-006
2.407860481664365e-009	1.223470e-003	1.000000e+000	1.770802e+003	6.673548e+000	3.673548e+000	1.785696e-006	4.141514e-006	0.000000e+000	1.782653e-006
2.407944865012004e-009	1.223618e-003	1.000000e+000	1.770801e+003	6.673622e+000	3.673622e+000	1.785679e-006	4.141420e-006	0.000000e+000	1.781908e-006
2.408037726643376e-009	1.223782e-003	1.000000e+000	1.770799e+003	6.673703e+000	3.673703e+000	1.785660e-006	4.141317e-006	0.000000e+000	1.781089e-006
2.408129707449229e-009	1.223944e-003	1.000000e+000	1.770797e+003	6.673784e+000	3.673784e+000	1.785641e-006	4.141215e-006	0.000000e+000	1.780278e-006
2.408222465085225e-009	1.224108e-003	1.000000e+000	1.770795e+003	6.673865e+000	3.673865e+000	1.785622e-006	4.141113e-006	0.000000e+000	1.779461e-006
2.408313772875330e-009	1.224268e-003	1.000000e+000	1.770792e+003	6.673945e+000	3.673945e+000	1.785603e-006	4.141013e-006	0.000000e+000	1.778658e-006
2.408405982891997e-009	1.224431e-003	1.000000e+000	1.770788e+003	6.674026e+000	3.674025e+000	1.785585e-006	4.140911e-006	0.000000e+000	1.777847e-006
2.408497216018581e-009	1.224591e-003	1.000000e+000	1.770784e+003	6.674105e+000	3.674105e+000	1.785566e-006	4.140811e-006	0.000000e+000	1.777045e-006
2.408589142756168e-009	1.224752e-003	1.000000e+000	1.770780e+003	6.674185e+000	3.674185e+000	1.785547e-006	4.140710e-006	0.000000e+000	1.776238e-006
2.408680285704064e-009	1.224912e-003	1.000000e+000	1.770775e+003	6.674264e+000	3.674264e+000	1.785529e-006	4.140610e-006	0.000000e+000	1.775438e-006
2.408771939022125e-009	1.225073e-003	1.000000e+000	1.770769e+003	6.674344e+000	3.674344e+000	1.785510e-006	4.140509e-006	0.000000e+000	1.774635e-006
2.408862966740983e-009	1.225232e-003	1.000000e+000	1.770763e+003	6.674423e+000	3.674423e+000	1.785492e-006	4.140410e-006	0.000000e+000	1.773837e-006
2.408954369588231e-009	1.225393e-003	1.000000e+000	1.770757e+003	6.674502e+000	3.674502e+000	1.785473e-006	4.140310e-006	0.000000e+000	1.773037e-006
2.409045269066291e-009	1.225552e-003	1.000000e+000	1.770750e+003	6.674580e+000	3.674580e+000	1.785455e-006	4.140211e-006	0.000000e+000	1.772242e-006
2.409136438464233e-009	1.225711e-003	1.000000e+000	1.770742e+003	6.674659e+000	3.674659e+000	1.785437e-006	4.140112e-006	0.000000e+000	1.771445e-006
2.409227200198740e-009	1.225870e-003	1.000000e+000	1.770734e+003	6.674737e+000	3.674737e+000	1.785418e-006	4.140013e-006	0.000000e+000	1.770652e-006
2.409318151023186e-009	1.226028e-003	1.000000e+000	1.770725e+003	6.674816e+000	3.674815e+000	1.785400e-006	4.139914e-006	0.000000e+000	1.769859e-006
2.409408768062463e-009	1.226186e-003	1.000000e+000	1.770716e+003	6.674893e+000	3.674893e+000	1.785382e-006	4.139816e-006	0.000000e+000	1.769068e-006
2.409589978592762e-009	1.226502e-003	1.000000e+000	1.770697e+003	6.675049e+000	3.675049e+000	1.785346e-006	4.139620e-006	0.000000e+000	1.767490e-006
2.409770838964734e-009	1.226817e-003	1.000000e+000	1.770675e+003	6.675203e+000	3.675204e+000	1.785310e-006	4.139424e-006	0.000000e+000	1.765917e-006
2.409951354480923e-009	1.227130e-003	1.000000e+000	1.770652e+003	6.675357e+000	3.675357e+000	1.785274e-006	4.139230e-006	0.000000e+000	1.764349e-006
2.410131532437133e-009	1.227443e-003	1.000000e+000	1.770626e+003	6.675511e+000	3.675511e+000	1.785238e-006	4.139037e-006	0.000000e+000	1.762786e-006
2.410311377430207e-009	1.227754e-003	1.000000e+000	1.770599e+003	6.675663e+000	3.675663e+000	1.785202e-006	4.138844e-006	0.000000e+000	1.761229e-006
2.410580552238275e-009	1.228219e-003	1.000000e+000	1.770554e+003	6.675891e+000	3.675891e+000	1.785149e-006	4.138557e-006	0.000000e+000	1.758902e-006
2.410848968169893e-009	1.228682e-003	1.000000e+000	1.770505e+003	6.676117e+000	3.676117e+000	1.785096e-006	4.138272e-006	0.000000e+000	1.756588e-006
2.411116711333918e-009	1.229143e-003	1.000000e+000	1.770451e+003	6.676342e+000	3.676341e+000	1.785044e-006	4.137989e-006	0.000000e+000	1.754284e-006
2.412190986245696e-009	1.230981e-003	1.000000e+000	1.770193e+003	6.677232e+000	3.677232e+000	1.784836e-006	4.136864e-006	0.000000e+000	1.745093e-006
2.413265261157474e-009	1.232803e-003	1.000000e+000	1.769861e+003	6.678109e+000	3.678109e+000	1.784631e-006	4.135758e-006	0.000000e+000	1.735986e-006
2.414339536069252e-009	1.234608e-003	1.000000e+000	1.769456e+003	6.678972e+000	3.678972e+000	1.784430e-006	4.134669e-006	0.000000e+000	1.726962e-006
2.415413810981030e-009	1.236396e-003	1.000000e+000	1.768976e+003	6.679820e+000	3.679820e+000	1.784232e-006	4.133598e-006	0.000000e+000	1.718022e-006
2.416488085892808e-009	1.238167e-003	1.000000e+000	1.768422e+003	6.680654e+000	3.680654e+000	1.784037e-006	4.132546e-006	0.000000e+000	1.709165e-006
2.417562360804586e-009	1.239922e-003	1.000000e+000	1.767795e+003	6.681474e+000	3.681474e+000	1.783846e-006	4.131511e-006	0.000000e+000	1.700392e-006
2.418636635716364e-009	1.241659e-003	1.000000e+000	1.767094e+003	6.682280e+000	3.682279e+000	1.783657e-006	4.130494e-006	0.000000e+000	1.691703e-006
2.419678858020880e-009	1.243329e-003	1.000000e+000	1.766341e+003	6.683048e+000	3.683048e+000	1.783478e-006	4.129524e-006	0.000000e+000	1.683353e-006
2.420721080325395e-009	1.244984e-003	1.000000e+000	1.765514e+003	6.683804e+000	3.683804e+000	1.783301e-006	4.128570e-006	0.000000e+000	1.675082e-006
2.421763302629911e-009	1.246622e-003	1.000000e+000	1.764613e+003	6.684547e+000	3.684547e+000	1.783128e-006	4.127631e-006	0.000000e+000	1.666889e-006
2.422805524934426e-009	1.248245e-003	1.000000e+000	1.763637e+003	6.685279e+000	3.685278e+000	1.782957e-006	4.126708e-006	0.000000e+000	1.658775e-006
2.423847747238941e-009	1.249852e-003	1.000000e+000	1.762588e+003	6.685997e+000	3.685997e+000	1.782789e-006	4.125800e-006	0.000000e+000	1.650739e-006
2.424889969543457e-009	1.251443e-003	1.000000e+000	1.761465e+003	6.686704e+000	3.686704e+000	1.782624e-006	4.124909e-006	0.000000e+000	1.642783e-006
2.425932191847972e-009	1.253019e-003	1.000000e+000	1.760267e+003	6.687397e+000	3.687398e+000	1.782461e-006	4.124032e-006	0.000000e+000	1.634904e-006
2.426014067591228e-009	1.253142e-003	1.000000e+000	1.760170e+003	6.687452e+000	3.687452e+000	1.782449e-006	4.123964e-006	0.000000e+000	1.634289e-006
2.428430493837783e-009	1.256732e-003	1.000000e+000	1.757112e+003	6.689010e+000	3.689010e+000	1.782084e-006	4.121997e-006	0.000000e+000	1.616341e-006
2.430846920084338e-009	1.260237e-003	1.000000e+000	1.753598e+003	6.690510e+000	3.690510e+000	1.781734e-006	4.120103e-006	0.000000e+000	1.598813e-006
2.433263346330893e-009	1.263659e-003	1.000000e+000	1.749629e+003	6.691951e+000	3.691951e+000	1.781397e-006	4.118282e-006	0.000000e+000	1.581705e-006
2.435679772577447e-009	1.266997e-003	1.000000e+000	1.745203e+003	6.693335e+000	3.693334e+000	1.781073e-006	4.116536e-006	0.000000e+000	1.565017e-006
2.438096198824002e-009	1.270250e-003	1.000000e+000	1.740322e+003	6.694660e+000	3.694659e+000	1.780763e-006	4.114862e-006	0.000000e+000	1.548748e-006
2.440512625070557e-009	1.273420e-003	1.000000e+000	1.734985e+003	6.695926e+000	3.695926e+000	1.780467e-006	4.113262e-006	0.000000e+000	1.532900e-006
2.442929051317112e-009	1.276506e-003	1.000000e+000	1.729193e+003	6.697134e+000	3.697134e+000	1.780184e-006	4.111736e-006	0.000000e+000	1.517471e-006
2.445809762094300e-009	1.280076e-003	1.000000e+000	1.721690e+003	6.698505e+000	3.698505e+000	1.779863e-006	4.110004e-006	0.000000e+000	1.499621e-006
2.448690472871488e-009	1.283527e-003	1.000000e+000	1.713314e+003	6.699808e+000	3.699808e+000	1.779558e-006	4.108358e-006	0.000000e+000	1.482363e-006
2.451571183648677e-009	1.286861e-003	1.000000e+000	1.704064e+003	6.701043e+000	3.701043e+000	1.779269e-006	4.106798e-006	0.000000e+000	1.465697e-006
2.454451894425865e-009	1.290075e-003	1.000000e+000	1.693940e+003	6.702210e+000	3.702210e+000	1.778995e-006	4.105323e-006	0.000000e+000	1.449623e-006
2.457332605203053e-009	1.293172e-003	1.000000e+000	1.682943e+003	6.703310e+000	3.703310e+000	1.778738e-006	4.103934e-006	0.000000e+000	1.434141e-006
2.460213315980241e-009	1.296150e-003	1.000000e+000	1.671072e+003	6.704341e+000	3.704341e+000	1.778496e-006	4.102631e-006	0.000000e+000	1.419250e-006
2.463094026757430e-009	1.299010e-003	1.000000e+000	1.658327e+003	6.705305e+000	3.705305e+000	1.778271e-006	4.101414e-006	0.000000e+000	1.404951e-006
2.465770159949077e-009	1.301562e-003	1.000000e+000	1.645671e+003	6.706147e+000	3.706147e+000	1.778073e-006	4.100349e-006	0.000000e+000	1.392188e-006
2.468446293140724e-009	1.304009e-003	1.000000e+000	1.631748e+003	6.706940e+000	3.706940e+000	1.777887e-006	4.099346e-006	0.000000e+000	1.379955e-006
2.471122426332371e-009	1.306350e-003	1.000000e+000	1.616559e+003	6.707685e+000	3.707685e+000	1.777713e-006	4.098406e-006	0.000000e+000	1.368252e-006
2.473798559524019e-009	1.308584e-003	1.000000e+000	1.600104e+003	6.708380e+000	3.708380e+000	1.777550e-006	4.097527e-006	0.000000e+000	1.357081e-006
2.476474692715666e-009	1.310712e-003	1.000000e+000	1.582383e+003	6.709026e+000	3.709026e+000	1.777398e-006	4.096710e-006	0.000000e+000	1.346440e-006
2.479150825907313e-009	1.312734e-003	1.000000e+000	1.563396e+003	6.709624e+000	3.709624e+000	1.777258e-006	4.095955e-006	0.000000e+000	1.336330e-006
2.481826959098960e-009	1.314650e-003	1.000000e+000	1.543142e+003	6.710172e+000	3.710172e+000	1.777130e-006	4.095261e-006	0.000000e+000	1.326750e-006
2.483906089520620e-009	1.316064e-003	1.000000e+000	1.526396e+003	6.710568e+000	3.710568e+000	1.777037e-006	4.094761e-006	0.000000e+000	1.319679e-006
2.485985219942281e-009	1.317404e-003	1.000000e+000	1.508094e+003	6.710936e+000	3.710935e+000	1.776951e-006	4.094297e-006	0.000000e+000	1.312981e-006
2.488064350363941e-009	1.318669e-003	1.000000e+000	1.488238e+003	6.711275e+000	3.711275e+000	1.776871e-006	4.093868e-006	0.000000e+000	1.306655e-006
2.490143480785601e-009	1.319859e-003	1.000000e+000	1.466827e+003	6.711586e+000	3.711586e+000	1.776798e-006	4.093475e-006	0.000000e+000	1.300702e-006
2.492222611207261e-009	1.320975e-003	1.000000e+000	1.443862e+003	6.711869e+000	3.711868e+000	1.776732e-006	4.093118e-006	0.000000e+000	1.295122e-006
2.494301741628922e-009	1.322017e-003	1.000000e+000	1.419342e+003	6.712123e+000	3.712123e+000	1.776672e-006	4.092796e-006	0.000000e+000	1.289915e-006
2.496380872050582e-009	1.322984e-003	1.000000e+000	1.393267e+003	6.712349e+000	3.712349e+000	1.776619e-006	4.092510e-006	0.000000e+000	1.285080e-006
2.496415037831048e-009	1.322999e-003	1.000000e+000	1.392813e+003	6.712352e+000	3.712353e+000	1.776618e-006	4.092506e-006	0.000000e+000	1.285005e-006
2.499057450660874e-009	1.324128e-003	1.000000e+000	1.355952e+003	6.712603e+000	3.712603e+000	1.776560e-006	4.092188e-006	0.000000e+000	1.279359e-006
2.501699863490700e-009	1.325077e-003	1.000000e+000	1.313911e+003	6.712797e+000	3.712797e+000	1.776514e-006	4.091944e-006	0.000000e+000	1.274616e-006
2.504342276320526e-009	1.325845e-003	1.000000e+000	1.266687e+003	6.712933e+000	3.712934e+000	1.776482e-006	4.091771e-006	0.000000e+000	1.270775e-006
2.506984689150352e-009	1.326433e-003	1.000000e+000	1.214282e+003	6.713013e+000	3.713013e+000	1.776464e-006	4.091671e-006	0.000000e+000	1.267837e-006
2.509627101980178e-009	1.326840e-003	1.000000e+000	1.156696e+003	6.713035e+000	3.713035e+000	1.776458e-006	4.091643e-006	0.000000e+000	1.265801e-006
2.512269514810004e-009	1.327066e-003	1.000000e+000	1.093928e+003	6.713000e+000	3.713000e+000	1.776467e-006	4.091688e-006	0.000000e+000	1.264668e-006
2.514911927639830e-009	1.327113e-003	1.000000e+000	1.025978e+003	6.712907e+000	3.712907e+000	1.776488e-006	4.091804e-006	0.000000e+000	1.264438e-006
2.516585150583770e-009	1.327000e-003	1.000000e+000	9.839029e+002	6.712807e+000	3.712807e+000	1.776512e-006	4.091931e-006	0.000000e+000	1.264999e-006
2.518258373527711e-009	1.326819e-003	1.000000e+000	9.439982e+002	6.712687e+000	3.712687e+000	1.776540e-006	4.092083e-006	0.000000e+000	1.265905e-006
2.519931596471651e-009	1.326569e-003	1.000000e+000	9.062640e+002	6.712546e+000	3.712546e+000	1.776573e-006	4.092261e-006	0.000000e+000	1.267156e-006
2.521604819415592e-009	1.326250e-003	1.000000e+000	8.707003e+002	6.712384e+000	3.712384e+000	1.776611e-006	4.092465e-006	0.000000e+000	1.268750e-006
2.523278042359532e-009	1.325862e-003	1.000000e+000	8.373070e+002	6.712202e+000	3.712202e+000	1.776654e-006	4.092696e-006	0.000000e+000	1.270689e-006
2.524951265303473e-009	1.325406e-003	1.000000e+000	8.060843e+002	6.711999e+000	3.712000e+000	1.776701e-006	4.092952e-006	0.000000e+000	1.272972e-006
2.526624488247413e-009	1.324880e-003	1.000000e+000	7.770320e+002	6.711776e+000	3.711776e+000	1.776753e-006	4.093234e-006	0.000000e+000	1.275599e-006
2.526651588014822e-009	1.324871e-003	1.000000e+000	7.765801e+002	6.711772e+000	3.711773e+000	1.776754e-006	4.093239e-006	0.000000e+000	1.275643e-006
2.529503495493631e-009	1.323849e-003	1.000000e+000	7.331537e+002	6.711355e+000	3.711355e+000	1.776852e-006	4.093767e-006	0.000000e+000	1.280756e-006
2.532355402972440e-009	1.322725e-003	1.000000e+000	6.929802e+002	6.710908e+000	3.710908e+000	1.776957e-006	4.094331e-006	0.000000e+000	1.286373e-006
2.535207310451249e-009	1.321502e-003	1.000000e+000	6.560596e+002	6.710432e+000	3.710432e+000	1.777069e-006	4.094933e-006	0.000000e+000	1.292492e-006
2.538059217930058e-009	1.320177e-003	1.000000e+000	6.223919e+002	6.709927e+000	3.709927e+000	1.777187e-006	4.095572e-006	0.000000e+000	1.299114e-006
2.540911125408866e-009	1.318752e-003	1.000000e+000	5.919772e+002	6.709393e+000	3.709393e+000	1.777312e-006	4.096247e-006	0.000000e+000	1.306238e-006
2.543763032887676e-009	1.317227e-003	1.000000e+000	5.648154e+002	6.708829e+000	3.708829e+000	1.777445e-006	4.096959e-006	0.000000e+000	1.313866e-006
2.546614940366484e-009	1.315601e-003	1.000000e+000	5.409064e+002	6.708236e+000	3.708236e+000	1.777584e-006	4.097708e-006	0.000000e+000	1.321996e-006
2.549450773840978e-009	1.313932e-003	1.000000e+000	5.180721e+002	6.707632e+000	3.707632e+000	1.777725e-006	4.098472e-006	0.000000e+000	1.330340e-006
2.552286607315472e-009	1.312212e-003	1.000000e+000	4.965128e+002	6.707013e+000	3.707013e+000	1.777870e-006	4.099255e-006	0.000000e+000	1.338939e-006
2.555122440789966e-009	1.310442e-003	1.000000e+000	4.762285e+002	6.706379e+000	3.706379e+000	1.778019e-006	4.100056e-006	0.000000e+000	1.347791e-006
2.557958274264460e-009	1.308620e-003	1.000000e+000	4.572192e+002	6.705730e+000	3.705730e+000	1.778171e-006	4.100876e-006	0.000000e+000	1.356898e-006
2.560794107738954e-009	1.306748e-003	1.000000e+000	4.394849e+002	6.705066e+000	3.705066e+000	1.778326e-006	4.101715e-006	0.000000e+000	1.366259e-006
2.563629941213448e-009	1.304825e-003	1.000000e+000	4.230256e+002	6.704387e+000	3.704387e+000	1.778485e-006	4.102572e-006	0.000000e+000	1.375874e-006
2.566465774687942e-009	1.302851e-003	1.000000e+000	4.078413e+002	6.703694e+000	3.703694e+000	1.778648e-006	4.103449e-006	0.000000e+000	1.385743e-006
2.566518883183996e-009	1.302814e-003	1.000000e+000	4.075603e+002	6.703681e+000	3.703681e+000	1.778651e-006	4.103465e-006	0.000000e+000	1.385929e-006
2.572208427740082e-009	1.298722e-003	1.000000e+000	3.799349e+002	6.702250e+000	3.702250e+000	1.778986e-006	4.105273e-006	0.000000e+000	1.406388e-006
2.577897972296168e-009	1.294543e-003	1.000000e+000	3.547165e+002	6.700790e+000	3.700791e+000	1.779328e-006	4.107117e-006	0.000000e+000	1.427286e-006
2.583587516852255e-009	1.290276e-003	1.000000e+000	3.319049e+002	6.699302e+000	3.699302e+000	1.779676e-006	4.108997e-006	0.000000e+000	1.448622e-006
2.589277061408341e-009	1.285921e-003	1.000000e+000	3.115002e+002	6.697785e+000	3.697785e+000	1.780032e-006	4.110914e-006	0.000000e+000	1.470396e-006
2.594966605964428e-009	1.281478e-003	1.000000e+000	2.935025e+002	6.696239e+000	3.696239e+000	1.780393e-006	4.112866e-006	0.000000e+000	1.492608e-006
2.600656150520514e-009	1.276948e-003	1.000000e+000	2.779116e+002	6.694665e+000	3.694665e+000	1.780762e-006	4.114855e-006	0.000000e+000	1.515259e-006
2.606345695076601e-009	1.272331e-003	1.000000e+000	2.647276e+002	6.693061e+000	3.693061e+000	1.781137e-006	4.116880e-006	0.000000e+000	1.538347e-006
2.610412614058325e-009	1.269023e-003	1.000000e+000	2.559914e+002	6.691910e+000	3.691910e+000	1.781406e-006	4.118334e-006	0.000000e+000	1.554884e-006
2.614479533040049e-009	1.265709e-003	1.000000e+000	2.479758e+002	6.690755e+000	3.690755e+000	1.781676e-006	4.119793e-006	0.000000e+000	1.571453e-006
2.618546452021773e-009	1.262389e-003	1.000000e+000	2.406807e+002	6.689597e+000	3.689597e+000	1.781947e-006	4.121256e-006	0.000000e+000	1.588056e-006
2.622613371003498e-009	1.259062e-003	1.000000e+000	2.341062e+002	6.688434e+000	3.688434e+000	1.782219e-006	4.122723e-006	0.000000e+000	1.604692e-006
2.626680289985222e-009	1.255728e-003	1.000000e+000	2.282523e+002	6.687269e+000	3.687269e+000	1.782492e-006	4.124195e-006	0.000000e+000	1.621360e-006
2.630747208966946e-009	1.252388e-003	1.000000e+000	2.231188e+002	6.686099e+000	3.686099e+000	1.782765e-006	4.125672e-006	0.000000e+000	1.638062e-006
2.634814127948670e-009	1.249041e-003	1.000000e+000	2.187060e+002	6.684926e+000	3.684926e+000	1.783039e-006	4.127153e-006	0.000000e+000	1.654797e-006
2.634891918308177e-009	1.248977e-003	1.000000e+000	2.186260e+002	6.684904e+000	3.684904e+000	1.783044e-006	4.127181e-006	0.000000e+000	1.655116e-006
2.641134386056603e-009	1.243841e-003	1.000000e+000	2.132026e+002	6.683098e+000	3.683098e+000	1.783466e-006	4.129460e-006	0.000000e+000	1.680797e-006
2.647376853805030e-009	1.238755e-003	1.000000e+000	2.088729e+002	6.681310e+000	3.681310e+000	1.783884e-006	4.131717e-006	0.000000e+000	1.706224e-006
2.653619321553456e-009	1.233721e-003	1.000000e+000	2.056370e+002	6.679540e+000	3.679540e+000	1.784297e-006	4.133952e-006	0.000000e+000	1.731397e-006
2.659861789301883e-009	1.228736e-003	1.000000e+000	2.034948e+002	6.677787e+000	3.677787e+000	1.784707e-006	4.136164e-006	0.000000e+000	1.756318e-006
2.666104257050310e-009	1.223803e-003	1.000000e+000	2.024464e+002	6.676052e+000	3.676052e+000	1.785112e-006	4.138354e-006	0.000000e+000	1.780985e-006
2.672346724798737e-009	1.218920e-003	1.000000e+000	2.024917e+002	6.674334e+000	3.674334e+000	1.785513e-006	4.140522e-006	0.000000e+000	1.805399e-006
2.678589192547163e-009	1.214088e-003	1.000000e+000	2.036307e+002	6.672633e+000	3.672633e+000	1.785909e-006	4.142667e-006	0.000000e+000	1.829559e-006
2.685860621118594e-009	1.208569e-003	1.000000e+000	2.050837e+002	6.670694e+000	3.670694e+000	1.786362e-006	4.145114e-006	0.000000e+000	1.857154e-006
2.693132049690025e-009	1.203173e-003	1.000000e+000	2.070755e+002	6.668810e+000	3.668810e+000	1.786801e-006	4.147491e-006	0.000000e+000	1.884133e-006
2.700403478261456e-009	1.197901e-003	1.000000e+000	2.096061e+002	6.666981e+000	3.666981e+000	1.787228e-006	4.149798e-006	0.000000e+000	1.910494e-006
2.707674906832887e-009	1.192752e-003	1.000000e+000	2.126756e+002	6.665208e+000	3.665208e+000	1.787641e-006	4.152034e-006	0.000000e+000	1.936240e-006
2.714946335404317e-009	1.187726e-003	1.000000e+000	2.162838e+002	6.663490e+000	3.663490e+000	1.788041e-006	4.154201e-006	0.000000e+000	1.961369e-006
2.722217763975748e-009	1.182824e-003	1.000000e+000	2.204309e+002	6.661828e+000	3.661828e+000	1.788429e-006	4.156297e-006	0.000000e+000	1.985881e-006
2.729489192547179e-009	1.178045e-003	1.000000e+000	2.251167e+002	6.660222e+000	3.660221e+000	1.788803e-006	4.158323e-006	0.000000e+000	2.009777e-006
2.729589192547179e-009	1.177980e-003	1.000000e+000	2.251834e+002	6.660200e+000	3.660200e+000	1.788808e-006	4.158350e-006	0.000000e+000	2.010099e-006
2.744203478261469e-009	1.168780e-003	1.000000e+000	2.361676e+002	6.657144e+000	3.657143e+000	1.789519e-006	4.162203e-006	0.000000e+000	2.056099e-006
2.758817763975759e-009	1.160242e-003	1.000000e+000	2.483903e+002	6.654468e+000	3.654468e+000	1.790142e-006	4.165577e-006	0.000000e+000	2.098791e-006
2.773432049690050e-009	1.152365e-003	1.000000e+000	2.618513e+002	6.652173e+000	3.652172e+000	1.790677e-006	4.168470e-006	0.000000e+000	2.138177e-006
2.788046335404340e-009	1.145149e-003	1.000000e+000	2.765507e+002	6.650258e+000	3.650258e+000	1.791122e-006	4.170883e-006	0.000000e+000	2.174256e-006
2.802660621118630e-009	1.138594e-003	1.000000e+000	2.924885e+002	6.648724e+000	3.648724e+000	1.791479e-006	4.172816e-006	0.000000e+000	2.207029e-006
2.817274906832920e-009	1.132701e-003	1.000000e+000	3.096647e+002	6.647571e+000	3.647571e+000	1.791747e-006	4.174269e-006	0.000000e+000	2.236494e-006
2.831889192547210e-009	1.127469e-003	1.000000e+000	3.280792e+002	6.646799e+000	3.646799e+000	1.791927e-006	4.175242e-006	0.000000e+000	2.262653e-006
2.831989192547210e-009	1.127436e-003	1.000000e+000	3.282056e+002	6.646796e+000	3.646796e+000	1.791927e-006	4.175246e-006	0.000000e+000	2.262818e-006
2.846603478261500e-009	1.122987e-003	1.000000e+000	3.473115e+002	6.646545e+000	3.646545e+000	1.791986e-006	4.175563e-006	0.000000e+000	2.285066e-006
2.861217763975791e-009	1.119224e-003	1.000000e+000	3.667991e+002	6.646740e+000	3.646740e+000	1.791940e-006	4.175317e-006	0.000000e+000	2.303881e-006
2.875832049690081e-009	1.116147e-003	1.000000e+000	3.866685e+002	6.647380e+000	3.647380e+000	1.791792e-006	4.174511e-006	0.000000e+000	2.319264e-006
2.890446335404371e-009	1.113757e-003	1.000000e+000	4.069195e+002	6.648465e+000	3.648465e+000	1.791539e-006	4.173143e-006	0.000000e+000	2.331215e-006
2.905060621118661e-009	1.112053e-003	1.000000e+000	4.275522e+002	6.649996e+000	3.649996e+000	1.791183e-006	4.171213e-006	0.000000e+000	2.339734e-006
2.919674906832952e-009	1.111036e-003	1.000000e+000	4.485667e+002	6.651972e+000	3.651972e+000	1.790723e-006	4.168722e-006	0.000000e+000	2.344821e-006
2.934289192547242e-009	1.110705e-003	1.000000e+000	4.699628e+002	6.654394e+000	3.654394e+000	1.790160e-006	4.165670e-006	0.000000e+000	2.346475e-006
2.934389192547242e-009	1.110705e-003	1.000000e+000	4.701077e+002	6.654412e+000	3.654412e+000	1.790156e-006	4.165648e-006	0.000000e+000	2.346477e-006
2.949003478261532e-009	1.111051e-003	1.000000e+000	4.914789e+002	6.657287e+000	3.657287e+000	1.789487e-006	4.162024e-006	0.000000e+000	2.344742e-006
2.963617763975822e-009	1.111911e-003	1.000000e+000	5.125903e+002	6.660446e+000	3.660446e+000	1.788751e-006	4.158040e-006	0.000000e+000	2.340445e-006
2.978232049690112e-009	1.113283e-003	1.000000e+000	5.334419e+002	6.663891e+000	3.663891e+000	1.787948e-006	4.153696e-006	0.000000e+000	2.333585e-006
2.992846335404402e-009	1.115167e-003	1.000000e+000	5.540336e+002	6.667620e+000	3.667620e+000	1.787078e-006	4.148991e-006	0.000000e+000	2.324163e-006
3.007460621118692e-009	1.117565e-003	1.000000e+000	5.743653e+002	6.671634e+000	3.671634e+000	1.786142e-006	4.143927e-006	0.000000e+000	2.312177e-006
3.022074906832983e-009	1.120474e-003	1.000000e+000	5.944373e+002	6.675933e+000	3.675933e+000	1.785139e-006	4.138503e-006	0.000000e+000	2.297629e-006
3.036689192547273e-009	1.123896e-003	1.000000e+000	6.142493e+002	6.680517e+000	3.680517e+000	1.784069e-006	4.132718e-006	0.000000e+000	2.280518e-006
3.036789192547273e-009	1.123921e-003	1.000000e+000	6.143819e+002	6.680549e+000	3.680549e+000	1.784062e-006	4.132678e-006	0.000000e+000	2.280397e-006
3.051403478261563e-009	1.127738e-003	1.000000e+000	6.336143e+002	6.685288e+000	3.685288e+000	1.782954e-006	4.126695e-006	0.000000e+000	2.261309e-006
3.066017763975854e-009	1.131791e-003	1.000000e+000	6.521390e+002	6.690064e+000	3.690063e+000	1.781838e-006	4.120666e-006	0.000000e+000	2.241044e-006
3.080632049690144e-009	1.136079e-003	1.000000e+000	6.699559e+002	6.694874e+000	3.694874e+000	1.780713e-006	4.114591e-006	0.000000e+000	2.219603e-006
3.095246335404434e-009	1.140603e-003	1.000000e+000	6.870651e+002	6.699720e+000	3.699719e+000	1.779579e-006	4.108470e-006	0.000000e+000	2.196984e-006
3.109860621118724e-009	1.145362e-003	1.000000e+000	7.034666e+002	6.704600e+000	3.704600e+000	1.778435e-006	4.102303e-006	0.000000e+000	2.173189e-006
3.124474906833014e-009	1.150357e-003	1.000000e+000	7.191603e+002	6.709517e+000	3.709517e+000	1.777283e-006	4.096090e-006	0.000000e+000	2.148217e-006
3.139089192547304e-009	1.155586e-003	1.000000e+000	7.341462e+002	6.714468e+000	3.714468e+000	1.776122e-006	4.089831e-006	0.000000e+000	2.122068e-006
3.139189192547305e-009	1.155622e-003	1.000000e+000	7.342451e+002	6.714501e+000	3.714501e+000	1.776114e-006	4.089789e-006	0.000000e+000	2.121890e-006
3.153803478261595e-009	1.160926e-003	1.000000e+000	7.483003e+002	6.719345e+000	3.719345e+000	1.774978e-006	4.083665e-006	0.000000e+000	2.095372e-006
3.168417763975885e-009	1.166205e-003	1.000000e+000	7.614074e+002	6.724053e+000	3.724053e+000	1.773872e-006	4.077712e-006	0.000000e+000	2.068975e-006
3.183032049690175e-009	1.171460e-003	1.000000e+000	7.735661e+002	6.728624e+000	3.728624e+000	1.772798e-006	4.071929e-006	0.000000e+000	2.042700e-006
3.197646335404465e-009	1.176690e-003	1.000000e+000	7.847766e+002	6.733060e+000	3.733060e+000	1.771755e-006	4.066317e-006	0.000000e+000	2.016547e-006
3.212260621118755e-009	1.181897e-003	1.000000e+000	7.950389e+002	6.737360e+000	3.737360e+000	1.770744e-006	4.060876e-006	0.000000e+000	1.990516e-006
3.226874906833046e-009	1.187079e-003	1.000000e+000	8.043529e+002	6.741525e+000	3.741525e+000	1.769764e-006	4.055606e-006	0.000000e+000	1.964606e-006
3.241489192547336e-009	1.192236e-003	1.000000e+000	8.127187e+002	6.745553e+000	3.745553e+000	1.768815e-006	4.050506e-006	0.000000e+000	1.938819e-006
3.241589192547336e-009	1.192271e-003	1.000000e+000	8.127722e+002	6.745580e+000	3.745580e+000	1.768808e-006	4.050472e-006	0.000000e+000	1.938647e-006
3.256203478261626e-009	1.197270e-003	1.000000e+000	8.200696e+002	6.749398e+000	3.749398e+000	1.767909e-006	4.045638e-006	0.000000e+000	1.913652e-006
3.270817763975916e-009	1.202082e-003	1.000000e+000	8.263928e+002	6.753031e+000	3.753031e+000	1.767052e-006	4.041038e-006	0.000000e+000	1.889591e-006
3.285432049690207e-009	1.206708e-003	1.000000e+000	8.317420e+002	6.756477e+000	3.756477e+000	1.766240e-006	4.036673e-006	0.000000e+000	1.866462e-006
3.300046335404497e-009	1.211147e-003	1.000000e+000	8.361171e+002	6.759738e+000	3.759738e+000	1.765470e-006	4.032543e-006	0.000000e+000	1.844265e-006
3.314660621118787e-009	1.215400e-003	1.000000e+000	8.395181e+002	6.762813e+000	3.762813e+000	1.764744e-006	4.028647e-006	0.000000e+000	1.823001e-006
3.329274906833077e-009	1.219466e-003	1.000000e+000	8.419451e+002	6.765702e+000	3.765702e+000	1.764062e-006	4.024987e-006	0.000000e+000	1.802670e-006
3.343889192547367e-009	1.223346e-003	1.000000e+000	8.433979e+002	6.768405e+000	3.768405e+000	1.763423e-006	4.021561e-006	0.000000e+000	1.783272e-006
3.343989192547367e-009	1.223371e-003	1.000000e+000	8.434050e+002	6.768423e+000	3.768423e+000	1.763419e-006	4.021538e-006	0.000000e+000	1.783144e-006
3.358603478261657e-009	1.227027e-003	1.000000e+000	8.440368e+002	6.770944e+000	3.770944e+000	1.762823e-006	4.018344e-006	0.000000e+000	1.764866e-006
3.373217763975948e-009	1.230403e-003	1.000000e+000	8.432154e+002	6.773289e+000	3.773289e+000	1.762269e-006	4.015371e-006	0.000000e+000	1.747983e-006
3.387832049690238e-009	1.233501e-003	1.000000e+000	8.409408e+002	6.775459e+000	3.775459e+000	1.761756e-006	4.012620e-006	0.000000e+000	1.732497e-006
3.402446335404528e-009	1.236319e-003	1.000000e+000	8.372129e+002	6.777454e+000	3.777454e+000	1.761284e-006	4.010092e-006	0.000000e+000	1.718406e-006
3.417060621118818e-009	1.238858e-003	1.000000e+000	8.320317e+002	6.779274e+000	3.779274e+000	1.760854e-006	4.007785e-006	0.000000e+000	1.705712e-006
3.431674906833109e-009	1.241117e-003	1.000000e+000	8.253973e+002	6.780919e+000	3.780919e+000	1.760464e-006	4.005700e-006	0.000000e+000	1.694414e-006
3.446289192547399e-009	1.243098e-003	1.000000e+000	8.173097e+002	6.782388e+000	3.782388e+000	1.760117e-006	4.003837e-006	0.000000e+000	1.684512e-006
3.446389192547399e-009	1.243110e-003	1.000000e+000	8.172520e+002	6.782397e+000	3.782398e+000	1.760114e-006	4.003824e-006	0.000000e+000	1.684450e-006
3.461003478261689e-009	1.244722e-003	1.000000e+000	8.078859e+002	6.783686e+000	3.783686e+000	1.759809e-006	4.002190e-006	0.000000e+000	1.676391e-006
3.475617763975979e-009	1.246043e-003	1.000000e+000	7.980866e+002	6.784844e+000	3.784845e+000	1.759535e-006	4.000722e-006	0.000000e+000	1.669783e-006
3.490232049690269e-009	1.247075e-003	1.000000e+000	7.878539e+002	6.785871e+000	3.785872e+000	1.759292e-006	3.999419e-006	0.000000e+000	1.664627e-006
3.504846335404559e-009	1.247815e-003	1.000000e+000	7.771878e+002	6.786768e+000	3.786768e+000	1.759079e-006	3.998282e-006	0.000000e+000	1.660923e-006
3.519460621118850e-009	1.248266e-003	1.000000e+000	7.660884e+002	6.787533e+000	3.787533e+000	1.758898e-006	3.997312e-006	0.000000e+000	1.658670e-006
3.534074906833140e-009	1.248426e-003	1.000000e+000	7.545556e+002	6.788168e+000	3.788168e+000	1.758748e-006	3.996507e-006	0.000000e+000	1.657868e-006
3.548689192547430e-009	1.248296e-003	1.000000e+000	7.425895e+002	6.788671e+000	3.788671e+000	1.758628e-006	3.995868e-006	0.000000e+000	1.658518e-006
3.548789192547430e-009	1.248295e-003	1.000000e+000	7.425109e+002	6.788675e+000	3.788675e+000	1.758628e-006	3.995864e-006	0.000000e+000	1.658526e-006
3.563403478261720e-009	1.247896e-003	1.000000e+000	7.308732e+002	6.789081e+000	3.789081e+000	1.758531e-006	3.995349e-006	0.000000e+000	1.660519e-006
3.578017763976011e-009	1.247330e-003	1.000000e+000	7.198075e+002	6.789430e+000	3.789431e+000	1.758449e-006	3.994905e-006	0.000000e+000	1.663351e-006
3.592632049690301e-009	1.246596e-003	1.000000e+000	7.093138e+002	6.789724e+000	3.789725e+000	1.758379e-006	3.994533e-006	0.000000e+000	1.667022e-006
3.607246335404591e-009	1.245694e-003	1.000000e+000	6.993921e+002	6.789962e+000	3.789962e+000	1.758323e-006	3.994231e-006	0.000000e+000	1.671530e-006
3.621860621118881e-009	1.244624e-003	1.000000e+000	6.900425e+002	6.790144e+000	3.790144e+000	1.758279e-006	3.994000e-006	0.000000e+000	1.676878e-006
3.636474906833171e-009	1.243387e-003	1.000000e+000	6.812648e+002	6.790270e+000	3.790270e+000	1.758250e-006	3.993841e-006	0.000000e+000	1.683064e-006
3.651089192547462e-009	1.241982e-003	1.000000e+000	6.730591e+002	6.790340e+000	3.790340e+000	1.758233e-006	3.993752e-006	0.000000e+000	1.690088e-006
3.651189192547462e-009	1.241973e-003	1.000000e+000	6.730073e+002	6.790340e+000	3.790340e+000	1.758233e-006	3.993751e-006	0.000000e+000	1.690136e-006
3.665803478261735e-009	1.240484e-003	1.000000e+000	6.658569e+002	6.790397e+000	3.790397e+000	1.758220e-006	3.993680e-006	0.000000e+000	1.697579e-006
3.680417763976009e-009	1.238982e-003	1.000000e+000	6.595786e+002	6.790467e+000	3.790466e+000	1.758203e-006	3.993591e-006	0.000000e+000	1.705091e-006
3.695032049690282e-009	1.237466e-003	1.000000e+000	6.541725e+002	6.790549e+000	3.790549e+000	1.758183e-006	3.993487e-006	0.000000e+000	1.712672e-006
3.709646335404556e-009	1.235936e-003	1.000000e+000	6.496385e+002	6.790645e+000	3.790645e+000	1.758161e-006	3.993365e-006	0.000000e+000	1.720322e-006
3.724260621118830e-009	1.234392e-003	1.000000e+000	6.459767e+002	6.790754e+000	3.790753e+000	1.758135e-006	3.993227e-006	0.000000e+000	1.728040e-006
3.738874906833103e-009	1.232834e-003	1.000000e+000	6.431869e+002	6.790876e+000	3.790875e+000	1.758106e-006	3.993073e-006	0.000000e+000	1.735828e-006
3.753489192547377e-009	1.231263e-003	1.000000e+000	6.412693e+002	6.791010e+000	3.791010e+000	1.758074e-006	3.992902e-006	0.000000e+000	1.743684e-006
3.753589192547376e-009	1.231253e-003	1.000000e+000	6.412589e+002	6.791011e+000	3.791011e+000	1.758074e-006	3.992900e-006	0.000000e+000	1.743735e-006
3.768203478261606e-009	1.229768e-003	1.000000e+000	6.404344e+002	6.791202e+000	3.791202e+000	1.758029e-006	3.992658e-006	0.000000e+000	1.751162e-006
3.782817763975836e-009	1.228363e-003	1.000000e+000	6.400055e+002	6.791443e+000	3.791443e+000	1.757972e-006	3.992353e-006	0.000000e+000	1.758183e-006
3.797432049690066e-009	1.227040e-003	1.000000e+000	6.399722e+002	6.791733e+000	3.791733e+000	1.757903e-006	3.991985e-006	0.000000e+000	1.764798e-006
3.812046335404295e-009	1.225798e-003	1.000000e+000	6.403345e+002	6.792074e+000	3.792074e+000	1.757822e-006	3.991553e-006	0.000000e+000	1.771008e-006
3.826660621118525e-009	1.224638e-003	1.000000e+000	6.410923e+002	6.792464e+000	3.792464e+000	1.757730e-006	3.991058e-006	0.000000e+000	1.776812e-006
3.841274906832755e-009	1.223558e-003	1.000000e+000	6.422458e+002	6.792904e+000	3.792904e+000	1.757625e-006	3.990500e-006	0.000000e+000	1.782210e-006
3.855889192546985e-009	1.222559e-003	1.000000e+000	6.437949e+002	6.793393e+000	3.793393e+000	1.757509e-006	3.989879e-006	0.000000e+000	1.787202e-006
3.855989192546984e-009	1.222553e-003	1.000000e+000	6.438052e+002	6.793397e+000	3.793397e+000	1.757508e-006	3.989874e-006	0.000000e+000	1.787235e-006
3.958389192546592e-009	1.218114e-003	1.000000e+000	6.590186e+002	6.798182e+000	3.798181e+000	1.756374e-006	3.983804e-006	0.000000e+000	1.809430e-006
4.060789192546200e-009	1.217647e-003	1.000000e+000	6.787697e+002	6.804870e+000	3.804870e+000	1.754786e-006	3.975317e-006	0.000000e+000	1.811765e-006
4.163189192545808e-009	1.220016e-003	1.000000e+000	6.973377e+002	6.812611e+000	3.812610e+000	1.752947e-006	3.965491e-006	0.000000e+000	1.799921e-006
4.265589192545416e-009	1.223787e-003	1.000000e+000	7.111282e+002	6.820535e+000	3.820535e+000	1.751063e-006	3.955429e-006	0.000000e+000	1.781064e-006
4.367989192545024e-009	1.227675e-003	1.000000e+000	7.187170e+002	6.828001e+000	3.828001e+000	1.749286e-006	3.945947e-006	0.000000e+000	1.761627e-006
4.470389192544632e-009	1.230798e-003	1.000000e+000	7.204764e+002	6.834677e+000	3.834677e+000	1.747694e-006	3.937464e-006	0.000000e+000	1.746011e-006
4.572789192544239e-009	1.232623e-003	1.000000e+000	7.159185e+002	6.840466e+000	3.840467e+000	1.746314e-006	3.930107e-006	0.000000e+000	1.736886e-006
4.675189192543847e-009	1.232941e-003	1.000000e+000	7.083575e+002	6.845450e+000	3.845450e+000	1.745124e-006	3.923773e-006	0.000000e+000	1.735294e-006
4.777589192543455e-009	1.232239e-003	1.000000e+000	7.025707e+002	6.849971e+000	3.849971e+000	1.744044e-006	3.918025e-006	0.000000e+000	1.738807e-006
4.879989192543063e-009	1.231294e-003	1.000000e+000	7.008573e+002	6.854420e+000	3.854420e+000	1.742981e-006	3.912368e-006	0.000000e+000	1.743528e-006
4.982389192542671e-009	1.230673e-003	1.000000e+000	7.018947e+002	6.859025e+000	3.859025e+000	1.741880e-006	3.906513e-006	0.000000e+000	1.746637e-006
5.084789192542279e-009	1.230492e-003	1.000000e+000	7.040806e+002	6.863792e+000	3.863792e+000	1.740739e-006	3.900448e-006	0.000000e+000	1.747541e-006
5.187189192541887e-009	1.230697e-003	1.000000e+000	7.066534e+002	6.868659e+000	3.868658e+000	1.739574e-006	3.894258e-006	0.000000e+000	1.746514e-006
5.289589192541495e-009	1.231162e-003	1.000000e+000	7.090214e+002	6.873537e+000	3.873536e+000	1.738405e-006	3.888051e-006	0.000000e+000	1.744188e-006
5.391989192541103e-009	1.231743e-003	1.000000e+000	7.108386e+002	6.878348e+000	3.878348e+000	1.737252e-006	3.881927e-006	0.000000e+000	1.741286e-006
5.494389192540711e-009	1.232316e-003	1.000000e+000	7.120009e+002	6.883039e+000	3.883039e+000	1.736126e-006	3.875956e-006	0.000000e+000	1.738422e-006
5.596789192540318e-009	1.232801e-003	1.000000e+000	7.125886e+002	6.887584e+000	3.887584e+000	1.735035e-006	3.870171e-006	0.000000e+000	1.735997e-006
5.699189192539926e-009	1.233165e-003	1.000000e+000	7.127860e+002	6.891981e+000	3.891981e+000	1.733979e-006	3.864572e-006	0.000000e+000	1.734174e-006
5.801589192539534e-009	1.233414e-003	1.000000e+000	7.128011e+002	6.896247e+000	3.896247e+000	1.732953e-006	3.859140e-006	0.000000e+000	1.732928e-006
5.903989192539142e-009	1.233577e-003	1.000000e+000	7.128153e+002	6.900405e+000	3.900405e+000	1.731953e-006	3.853844e-006	0.000000e+000	1.732114e-006
6.006389192538750e-009	1.233693e-003	1.000000e+000	7.129460e+002	6.904480e+000	3.904480e+000	1.730973e-006	3.848653e-006	0.000000e+000	1.731536e-006
6.108789192538358e-009	1.233797e-003	1.000000e+000	7.132391e+002	6.908489e+000	3.908489e+000	1.730007e-006	3.843545e-006	0.000000e+000	1.731017e-006
6.211189192537966e-009	1.233914e-003	1.000000e+000	7.136860e+002	6.912445e+000	3.912445e+000	1.729054e-006	3.838505e-006	0.000000e+000	1.730431e-006
6.313589192537574e-009	1.234057e-003	1.000000e+000	7.142443e+002	6.916350e+000	3.916350e+000	1.728113e-006	3.833528e-006	0.000000e+000	1.729715e-006
6.415989192537182e-009	1.234228e-003	1.000000e+000	7.148583e+002	6.920204e+000	3.920204e+000	1.727184e-006	3.828617e-006	0.000000e+000	1.728861e-006
6.518389192536789e-009	1.234420e-003	1.000000e+000	7.154769e+002	6.924002e+000	3.924002e+000	1.726267e-006	3.823775e-006	0.000000e+000	1.727899e-006
6.620789192536397e-009	1.234625e-003	1.000000e+000	7.160637e+002	6.927741e+000	3.927741e+000	1.725365e-006	3.819010e-006	0.000000e+000	1.726877e-006
6.723189192536005e-009	1.234831e-003	1.000000e+000	7.166006e+002	6.931415e+000	3.931415e+000	1.724477e-006	3.814325e-006	0.000000e+000	1.725846e-006
6.825589192535613e-009	1.235032e-003	1.000000e+000	7.170853e+002	6.935023e+000	3.935023e+000	1.723605e-006	3.809724e-006	0.000000e+000	1.724841e-006
6.927989192535221e-009	1.235223e-003	1.000000e+000	7.175269e+002	6.938565e+000	3.938565e+000	1.722749e-006	3.805207e-006	0.000000e+000	1.723887e-006
7.030389192534829e-009	1.235402e-003	1.000000e+000	7.179398e+002	6.942042e+000	3.942042e+000	1.721907e-006	3.800772e-006	0.000000e+000	1.722988e-006
7.132789192534437e-009	1.235572e-003	1.000000e+000	7.183383e+002	6.945458e+000	3.945458e+000	1.721081e-006	3.796415e-006	0.000000e+000	1.722139e-006
7.235189192534045e-009	1.235734e-003	1.000000e+000	7.187338e+002	6.948814e+000	3.948814e+000	1.720268e-006	3.792133e-006	0.000000e+000	1.721329e-006
7.337589192533653e-009	1.235891e-003	1.000000e+000	7.191328e+002	6.952113e+000	3.952113e+000	1.719469e-006	3.787924e-006	0.000000e+000	1.720543e-006
7.439989192533261e-009	1.236046e-003	1.000000e+000	7.195373e+002	6.955358e+000	3.955357e+000	1.718682e-006	3.783785e-006	0.000000e+000	1.719771e-006
7.542389192533629e-009	1.236199e-003	1.000000e+000	7.199460e+002	6.958548e+000	3.958548e+000	1.717909e-006	3.779713e-006	0.000000e+000	1.719004e-006
7.644789192534084e-009	1.236352e-003	1.000000e+000	7.203556e+002	6.961687e+000	3.961687e+000	1.717147e-006	3.775707e-006	0.000000e+000	1.718239e-006
7.747189192534538e-009	1.236505e-003	1.000000e+000	7.207621e+002	6.964774e+000	3.964774e+000	1.716398e-006	3.771767e-006	0.000000e+000	1.717476e-006
7.849589192534993e-009	1.236656e-003	1.000000e+000	7.211625e+002	6.967810e+000	3.967810e+000	1.715661e-006	3.767891e-006	0.000000e+000	1.716719e-006
7.951989192535448e-009	1.236806e-003	1.000000e+000	7.215547e+002	6.970796e+000	3.970796e+000	1.714935e-006	3.764080e-006	0.000000e+000	1.715970e-006
8.054389192535903e-009	1.236954e-003	1.000000e+000	7.219379e+002	6.973732e+000	3.973732e+000	1.714222e-006	3.760331e-006	0.000000e+000	1.715232e-006
8.156789192536358e-009	1.237099e-003	1.000000e+000	7.223122e+002	6.976619e+000	3.976619e+000	1.713520e-006	3.756645e-006	0.000000e+000	1.714507e-006
8.259189192536813e-009	1.237241e-003	1.000000e+000	7.226786e+002	6.979458e+000	3.979458e+000	1.712830e-006	3.753020e-006	0.000000e+000	1.713796e-006
8.361589192537268e-009	1.237380e-003	1.000000e+000	7.230383e+002	6.982250e+000	3.982249e+000	1.712150e-006	3.749455e-006	0.000000e+000	1.713100e-006
8.463989192537723e-009	1.237517e-003	1.000000e+000	7.233921e+002	6.984995e+000	3.984995e+000	1.711482e-006	3.745949e-006	0.000000e+000	1.712417e-006
8.566389192538178e-009	1.237651e-003	1.000000e+000	7.237408e+002	6.987695e+000	3.987695e+000	1.710825e-006	3.742500e-006	0.000000e+000	1.711747e-006
8.668789192538633e-009	1.237783e-003	1.000000e+000	7.240851e+002	6.990350e+000	3.990350e+000	1.710178e-006	3.739108e-006	0.000000e+000	1.711087e-006
8.771189192539088e-009	1.237912e-003	1.000000e+000	7.244248e+002	6.992962e+000	3.992962e+000	1.709541e-006	3.735771e-006	0.000000e+000	1.710439e-006
8.873589192539543e-009	1.238040e-003	1.000000e+000	7.247600e+002	6.995532e+000	3.995532e+000	1.708915e-006	3.732489e-006	0.000000e+000	1.709800e-006
8.975989192539998e-009	1.238166e-003	1.000000e+000	7.250905e+002	6.998059e+000	3.998059e+000	1.708299e-006	3.729260e-006	0.000000e+000	1.709171e-006
9.078389192540452e-009	1.238290e-003	1.000000e+000	7.254161e+002	7.000545e+000	4.000545e+000	1.707692e-006	3.726084e-006	0.000000e+000	1.708551e-006
9.180789192540907e-009	1.238412e-003	1.000000e+000	7.257368e+002	7.002990e+000	4.002990e+000	1.707096e-006	3.722959e-006	0.000000e+000	1.707940e-006
9.283189192541362e-009	1.238532e-003	1.000000e+000	7.260523e+002	7.005395e+000	4.005395e+000	1.706508e-006	3.719886e-006	0.000000e+000	1.707339e-006
9.385589192541817e-009	1.238650e-003	1.000000e+000	7.263629e+002	7.007761e+000	4.007761e+000	1.705930e-006	3.716862e-006	0.000000e+000	1.706748e-006
9.487989192542272e-009	1.238767e-003	1.000000e+000	7.266685e+002	7.010089e+000	4.010089e+000	1.705362e-006	3.713886e-006	0.000000e+000	1.706166e-006
9.590389192542727e-009	1.238881e-003	1.000000e+000	7.269694e+002	7.012379e+000	4.012379e+000	1.704802e-006	3.710959e-006	0.000000e+000	1.705594e-006
9.692789192543182e-009	1.238994e-003	1.000000e+000	7.272656e+002	7.014632e+000	4.014632e+000	1.704252e-006	3.708080e-006	0.000000e+000	1.705031e-006
9.795189192543637e-009	1.239105e-003	1.000000e+000	7.275573e+002	7.016849e+000	4.016849e+000	1.703710e-006	3.705247e-006	0.000000e+000	1.704477e-006
9.897589192544092e-009	1.239214e-003	1.000000e+000	7.278446e+002	7.019029e+000	4.019029e+000	1.703176e-006	3.702459e-006	0.000000e+000	1.703932e-006
9.999989192544547e-009	1.239321e-003	1.000000e+000	7.281276e+002	7.021174e+000	4.021174e+000	1.702651e-006	3.699716e-006	0.000000e+000	1.703395e-006
1.010238919254500e-008	1.239427e-003	1.000000e+000	7.284064e+002	7.023285e+000	4.023285e+000	1.702135e-006	3.697018e-006	0.000000e+000	1.702867e-006
1.020478919254546e-008	1.239531e-003	1.000000e+000	7.286810e+002	7.025362e+000	4.025362e+000	1.701626e-006	3.694362e-006	0.000000e+000	1.702347e-006
1.030718919254591e-008	1.239633e-003	1.000000e+000	7.289514e+002	7.027405e+000	4.027405e+000	1.701126e-006	3.691750e-006	0.000000e+000	1.701836e-006
1.040958919254637e-008	1.239734e-003	1.000000e+000	7.292177e+002	7.029416e+000	4.029416e+000	1.700633e-006	3.689179e-006	0.000000e+000	1.701332e-006
1.051198919254682e-008	1.239833e-003	1.000000e+000	7.294800e+002	7.031394e+000	4.031394e+000	1.700149e-006	3.686649e-006	0.000000e+000	1.700837e-006
1.061438919254728e-008	1.239930e-003	1.000000e+000	7.297383e+002	7.033340e+000	4.033340e+000	1.699672e-006	3.684160e-006	0.000000e+000	1.700349e-006
1.071678919254773e-008	1.240026e-003	1.000000e+000	7.299927e+002	7.035255e+000	4.035255e+000	1.699202e-006	3.681710e-006	0.000000e+000	1.699869e-006
1.081918919254819e-008	1.240121e-003	1.000000e+000	7.302432e+002	7.037140e+000	4.037140e+000	1.698740e-006	3.679299e-006	0.000000e+000	1.699396e-006
1.092158919254864e-008	1.240214e-003	1.000000e+000	7.304900e+002	7.038995e+000	4.038995e+000	1.698285e-006	3.676927e-006	0.000000e+000	1.698931e-006
1.102398919254910e-008	1.240305e-003	1.000000e+000	7.307330e+002	7.040820e+000	4.040820e+000	1.697837e-006	3.674593e-006	0.000000e+000	1.698474e-006
1.112638919254955e-008	1.240395e-003	1.000000e+000	7.309723e+002	7.042616e+000	4.042616e+000	1.697396e-006	3.672295e-006	0.000000e+000	1.698023e-006
1.122878919255001e-008	1.240484e-003	1.000000e+000	7.312079e+002	7.044384e+000	4.044384e+000	1.696962e-006	3.670034e-006	0.000000e+000	1.697579e-006
1.133118919255046e-008	1.240571e-003	1.000000e+000	7.314401e+002	7.046123e+000	4.046123e+000	1.696535e-006	3.667809e-006	0.000000e+000	1.697143e-006
1.143358919255092e-008	1.240657e-003	1.000000e+000	7.316688e+002	7.047834e+000	4.047834e+000	1.696115e-006	3.665619e-006	0.000000e+000	1.696713e-006
1.153598919255137e-008	1.240742e-003	1.000000e+000	7.318939e+002	7.049519e+000	4.049519e+000	1.695701e-006	3.663464e-006	0.000000e+000	1.696290e-006
1.163838919255183e-008	1.240825e-003	1.000000e+000	7.321157e+002	7.051177e+000	4.051177e+000	1.695293e-006	3.661343e-006	0.000000e+000	1.695874e-006
1.174078919255228e-008	1.240907e-003	1.000000e+000	7.323342e+002	7.052808e+000	4.052808e+000	1.694892e-006	3.659255e-006	0.000000e+000	1.695464e-006
1.184318919255274e-008	1.240988e-003	1.000000e+000	7.325493e+002	7.054414e+000	4.054414e+000	1.694498e-006	3.657201e-006	0.000000e+000	1.695060e-006
1.194558919255319e-008	1.241067e-003	1.000000e+000	7.327612e+002	7.055995e+000	4.055995e+000	1.694109e-006	3.655178e-006	0.000000e+000	1.694663e-006
1.204798919255365e-008	1.241146e-003	1.000000e+000	7.329699e+002	7.057549e+000	4.057549e+000	1.693726e-006	3.653188e-006	0.000000e+000	1.694272e-006
1.215038919255410e-008	1.241223e-003	1.000000e+000	7.331754e+002	7.059081e+000	4.059081e+000	1.693350e-006	3.651229e-006	0.000000e+000	1.693887e-006
1.225278919255456e-008	1.241299e-003	1.000000e+000	7.333779e+002	7.060587e+000	4.060587e+000	1.692979e-006	3.649300e-006	0.000000e+000	1.693508e-006
1.235518919255501e-008	1.241373e-003	1.000000e+000	7.335773e+002	7.062070e+000	4.062070e+000	1.692614e-006	3.647402e-006	0.000000e+000	1.693135e-006
1.245758919255547e-008	1.241447e-003	1.000000e+000	7.337737e+002	7.063530e+000	4.063530e+000	1.692254e-006	3.645534e-006	0.000000e+000	1.692767e-006
1.255998919255592e-008	1.241519e-003	1.000000e+000	7.339672e+002	7.064967e+000	4.064967e+000	1.691901e-006	3.643695e-006	0.000000e+000	1.692406e-006
1.266238919255638e-008	1.241590e-003	1.000000e+000	7.341577e+002	7.066381e+000	4.066381e+000	1.691552e-006	3.641885e-006	0.000000e+000	1.692050e-006
1.276478919255683e-008	1.241660e-003	1.000000e+000	7.343453e+002	7.067773e+000	4.067773e+000	1.691209e-006	3.640103e-006	0.000000e+000	1.691699e-006
1.286718919255729e-008	1.241729e-003	1.000000e+000	7.345302e+002	7.069143e+000	4.069143e+000	1.690872e-006	3.638349e-006	0.000000e+000	1.691354e-006
1.296958919255774e-008	1.241797e-003	1.000000e+000	7.347122e+002	7.070492e+000	4.070492e+000	1.690539e-006	3.636622e-006	0.000000e+000	1.691014e-006
1.307198919255820e-008	1.241864e-003	1.000000e+000	7.348915e+002	7.071820e+000	4.071820e+000	1.690212e-006	3.634922e-006	0.000000e+000	1.690680e-006
1.317438919255865e-008	1.241930e-003	1.000000e+000	7.350682e+002	7.073127e+000	4.073127e+000	1.689890e-006	3.633249e-006	0.000000e+000	1.690350e-006
1.327678919255910e-008	1.241995e-003	1.000000e+000	7.352421e+002	7.074413e+000	4.074413e+000	1.689573e-006	3.631602e-006	0.000000e+000	1.690026e-006
1.337918919255956e-008	1.242059e-003	1.000000e+000	7.354135e+002	7.075680e+000	4.075680e+000	1.689260e-006	3.629981e-006	0.000000e+000	1.689707e-006
1.348158919256001e-008	1.242121e-003	1.000000e+000	7.355822e+002	7.076927e+000	4.076927e+000	1.688953e-006	3.628385e-006	0.000000e+000	1.689393e-006
1.358398919256047e-008	1.242183e-003	1.000000e+000	7.357485e+002	7.078154e+000	4.078154e+000	1.688650e-006	3.626814e-006	0.000000e+000	1.689083e-006
1.368638919256092e-008	1.242244e-003	1.000000e+000	7.359122e+002	7.079362e+000	4.079362e+000	1.688352e-006	3.625267e-006	0.000000e+000	1.688778e-006
1.378878919256138e-008	1.242304e-003	1.000000e+000	7.360735e+002	7.080551e+000	4.080551e+000	1.688058e-006	3.623744e-006	0.000000e+000	1.688478e-006
1.389118919256183e-008	1.242363e-003	1.000000e+000	7.362324e+002	7.081722e+000	4.081722e+000	1.687769e-006	3.622245e-006	0.000000e+000	1.688183e-006
1.399358919256229e-008	1.242422e-003	1.000000e+000	7.363889e+002	7.082875e+000	4.082875e+000	1.687485e-006	3.620769e-006	0.000000e+000	1.687892e-006
1.409598919256274e-008	1.242479e-003	1.000000e+000	7.365430e+002	7.084009e+000	4.084009e+000	1.687204e-006	3.619316e-006	0.000000e+000	1.687606e-006
1.419838919256320e-008	1.242535e-003	1.000000e+000	7.366948e+002	7.085126e+000	4.085126e+000	1.686929e-006	3.617885e-006	0.000000e+000	1.687324e-006
1.430078919256365e-008	1.242591e-003	1.000000e+000	7.368443e+002	7.086226e+000	4.086226e+000	1.686657e-006	3.616477e-006	0.000000e+000	1.687046e-006
1.440318919256411e-008	1.242645e-003	1.000000e+000	7.369916e+002	7.087309e+000	4.087309e+000	1.686389e-006	3.615090e-006	0.000000e+000	1.686773e-006
1.450558919256456e-008	1.242699e-003	1.000000e+000	7.371367e+002	7.088375e+000	4.088375e+000	1.686126e-006	3.613725e-006	0.000000e+000	1.686503e-006
1.460798919256502e-008	1.242752e-003	1.000000e+000	7.372795e+002	7.089425e+000	4.089425e+000	1.685867e-006	3.612381e-006	0.000000e+000	1.686238e-006
1.471038919256547e-008	1.242805e-003	1.000000e+000	7.374203e+002	7.090458e+000	4.090458e+000	1.685611e-006	3.611058e-006	0.000000e+000	1.685977e-006
1.481278919256593e-008	1.242856e-003	1.000000e+000	7.375590e+002	7.091475e+000	4.091475e+000	1.685360e-006	3.609755e-006	0.000000e+000	1.685720e-006
1.491518919256615e-008	1.242907e-003	1.000000e+000	7.376956e+002	7.092476e+000	4.092476e+000	1.685112e-006	3.608472e-006	0.000000e+000	1.685467e-006
1.501758919256491e-008	1.242956e-003	1.000000e+000	7.378301e+002	7.093462e+000	4.093462e+000	1.684868e-006	3.607209e-006	0.000000e+000	1.685218e-006
1.511998919256367e-008	1.243006e-003	1.000000e+000	7.379626e+002	7.094434e+000	4.094434e+000	1.684628e-006	3.605966e-006	0.000000e+000	1.684973e-006
1.522238919256243e-008	1.243054e-003	1.000000e+000	7.380931e+002	7.095389e+000	4.095389e+000	1.684392e-006	3.604741e-006	0.000000e+000	1.684731e-006
1.532478919256119e-008	1.243101e-003	1.000000e+000	7.382217e+002	7.096331e+000	4.096331e+000	1.684159e-006	3.603536e-006	0.000000e+000	1.684493e-006
1.542718919255995e-008	1.243148e-003	1.000000e+000	7.383483e+002	7.097257e+000	4.097257e+000	1.683930e-006	3.602349e-006	0.000000e+000	1.684259e-006
1.552958919255872e-008	1.243194e-003	1.000000e+000	7.384731e+002	7.098170e+000	4.098170e+000	1.683704e-006	3.601180e-006	0.000000e+000	1.684028e-006
1.563198919255748e-008	1.243240e-003	1.000000e+000	7.385959e+002	7.099068e+000	4.099068e+000	1.683482e-006	3.600029e-006	0.000000e+000	1.683801e-006
1.573438919255624e-008	1.243285e-003	1.000000e+000	7.387170e+002	7.099953e+000	4.099953e+000	1.683263e-006	3.598896e-006	0.000000e+000	1.683577e-006
1.583678919255500e-008	1.243329e-003	1.000000e+000	7.388362e+002	7.100824e+000	4.100824e+000	1.683047e-006	3.597780e-006	0.000000e+000	1.683357e-006
1.593918919255376e-008	1.243372e-003	1.000000e+000	7.389537e+002	7.101681e+000	4.101681e+000	1.682835e-006	3.596682e-006	0.000000e+000	1.683140e-006
1.604158919255252e-008	1.243415e-003	1.000000e+000	7.390693e+002	7.102526e+000	4.102526e+000	1.682625e-006	3.595600e-006	0.000000e+000	1.682926e-006
1.614398919255128e-008	1.243457e-003	1.000000e+000	7.391833e+002	7.103357e+000	4.103357e+000	1.682420e-006	3.594535e-006	0.000000e+000	1.682715e-006
1.624638919255004e-008	1.243498e-003	1.000000e+000	7.392956e+002	7.104176e+000	4.104176e+000	1.682217e-006	3.593486e-006	0.000000e+000	1.682508e-006
1.634878919254880e-008	1.243539e-003	1.000000e+000	7.394061e+002	7.104982e+000	4.104982e+000	1.682017e-006	3.592453e-006	0.000000e+000	1.682304e-006
1.645118919254756e-008	1.243579e-003	1.000000e+000	7.395151e+002	7.105776e+000	4.105776e+000	1.681820e-006	3.591436e-006	0.000000e+000	1.682103e-006
1.655358919254632e-008	1.243619e-003	1.000000e+000	7.396223e+002	7.106557e+000	4.106557e+000	1.681627e-006	3.590435e-006	0.000000e+000	1.681905e-006
1.665598919254509e-008	1.243658e-003	1.000000e+000	7.397280e+002	7.107327e+000	4.107327e+000	1.681436e-006	3.589448e-006	0.000000e+000	1.681710e-006
1.675838919254385e-008	1.243696e-003	1.000000e+000	7.398322e+002	7.108085e+000	4.108085e+000	1.681248e-006	3.588477e-006	0.000000e+000	1.681518e-006
1.686078919254261e-008	1.243734e-003	1.000000e+000	7.399347e+002	7.108831e+000	4.108831e+000	1.681063e-006	3.587521e-006	0.000000e+000	1.681329e-006
1.696318919254137e-008	1.243771e-003	1.000000e+000	7.400357e+002	7.109566e+000	4.109566e+000	1.680881e-006	3.586580e-006	0.000000e+000	1.681143e-006
1.706558919254013e-008	1.243808e-003	1.000000e+000	7.401352e+002	7.110290e+000	4.110290e+000	1.680702e-006	3.585652e-006	0.000000e+000	1.680960e-006
1.716798919253889e-008	1.243844e-003	1.000000e+000	7.402332e+002	7.111003e+000	4.111003e+000	1.680525e-006	3.584739e-006	0.000000e+000	1.680779e-006
1.727038919253765e-008	1.243880e-003	1.000000e+000	7.403298e+002	7.111704e+000	4.111704e+000	1.680351e-006	3.583840e-006	0.000000e+000	1.680601e-006
1.737278919253641e-008	1.243915e-003	1.000000e+000	7.404249e+002	7.112396e+000	4.112396e+000	1.680180e-006	3.582954e-006	0.000000e+000	1.680426e-006
1.747518919253517e-008	1.243949e-003	1.000000e+000	7.405186e+002	7.113076e+000	4.113076e+000	1.680011e-006	3.582082e-006	0.000000e+000	1.680254e-006
1.757758919253393e-008	1.243983e-003	1.000000e+000	7.406108e+002	7.113746e+000	4.113746e+000	1.679845e-006	3.581224e-006	0.000000e+000	1.680084e-006
1.767998919253269e-008	1.244017e-003	1.000000e+000	7.407018e+002	7.114406e+000	4.114406e+000	1.679681e-006	3.580378e-006	0.000000e+000	1.679917e-006
1.778238919253145e-008	1.244050e-003	1.000000e+000	7.407913e+002	7.115056e+000	4.115056e+000	1.679520e-006	3.579545e-006	0.000000e+000	1.679752e-006
1.788478919253022e-008	1.244082e-003	1.000000e+000	7.408795e+002	7.115696e+000	4.115696e+000	1.679361e-006	3.578725e-006	0.000000e+000	1.679590e-006
1.798718919252898e-008	1.244114e-003	1.000000e+000	7.409664e+002	7.116326e+000	4.116326e+000	1.679205e-006	3.577918e-006	0.000000e+000	1.679430e-006
1.808958919252774e-008	1.244146e-003	1.000000e+000	7.410521e+002	7.116947e+000	4.116947e+000	1.679051e-006	3.577122e-006	0.000000e+000	1.679272e-006
1.819198919252650e-008	1.244177e-003	1.000000e+000	7.411364e+002	7.117558e+000	4.117558e+000	1.678899e-006	3.576339e-006	0.000000e+000	1.679117e-006
1.829438919252526e-008	1.244207e-003	1.000000e+000	7.412194e+002	7.118160e+000	4.118160e+000	1.678750e-006	3.575568e-006	0.000000e+000	1.678965e-006
1.839678919252402e-008	1.244237e-003	1.000000e+000	7.413013e+002	7.118753e+000	4.118753e+000	1.678602e-006	3.574808e-006	0.000000e+000	1.678814e-006
1.849918919252278e-008	1.244267e-003	1.000000e+000	7.413819e+002	7.119337e+000	4.119337e+000	1.678457e-006	3.574060e-006	0.000000e+000	1.678666e-006
1.860158919252154e-008	1.244296e-003	1.000000e+000	7.414612e+002	7.119912e+000	4.119912e+000	1.678315e-006	3.573323e-006	0.000000e+000	1.678520e-006
1.870398919252030e-008	1.244325e-003	1.000000e+000	7.415395e+002	7.120478e+000	4.120478e+000	1.678174e-006	3.572598e-006	0.000000e+000	1.678377e-006
1.880638919251906e-008	1.244353e-003	1.000000e+000	7.416165e+002	7.121035e+000	4.121035e+000	1.678036e-006	3.571883e-006	0.000000e+000	1.678235e-006
1.890878919251782e-008	1.244381e-003	1.000000e+000	7.416924e+002	7.121584e+000	4.121584e+000	1.677899e-006	3.571179e-006	0.000000e+000	1.678096e-006
1.901118919251658e-008	1.244408e-003	1.000000e+000	7.417672e+002	7.122125e+000	4.122125e+000	1.677765e-006	3.570486e-006	0.000000e+000	1.677959e-006
1.911358919251535e-008	1.244435e-003	1.000000e+000	7.418409e+002	7.122658e+000	4.122658e+000	1.677633e-006	3.569804e-006	0.000000e+000	1.677823e-006
1.921598919251411e-008	1.244462e-003	1.000000e+000	7.419134e+002	7.123182e+000	4.123182e+000	1.677503e-006	3.569131e-006	0.000000e+000	1.677690e-006
1.931838919251287e-008	1.244488e-003	1.000000e+000	7.419849e+002	7.123699e+000	4.123699e+000	1.677374e-006	3.568470e-006	0.000000e+000	1.677559e-006
1.942078919251163e-008	1.244514e-003	1.000000e+000	7.420553e+002	7.124207e+000	4.124207e+000	1.677248e-006	3.567817e-006	0.000000e+000	1.677430e-006
1.952318919251039e-008	1.244539e-003	1.000000e+000	7.421246e+002	7.124709e+000	4.124709e+000	1.677123e-006	3.567175e-006	0.000000e+000	1.677303e-006
1.962558919250915e-008	1.244565e-003	1.000000e+000	7.421930e+002	7.125202e+000	4.125202e+000	1.677001e-006	3.566543e-006	0.000000e+000	1.677178e-006
1.972798919250791e-008	1.244589e-003	1.000000e+000	7.422603e+002	7.125688e+000	4.125688e+000	1.676880e-006	3.565920e-006	0.000000e+000	1.677054e-006
1.983038919250667e-008	1.244613e-003	1.000000e+000	7.423266e+002	7.126167e+000	4.126167e+000	1.676761e-006	3.565307e-006	0.000000e+000	1.676933e-006
1.993278919250543e-008	1.244637e-003	1.000000e+000	7.423919e+002	7.126638e+000	4.126638e+000	1.676644e-006	3.564702e-006	0.000000e+000	1.676813e-006
2.003518919250419e-008	1.244661e-003	1.000000e+000	7.424562e+002	7.127102e+000	4.127102e+000	1.676529e-006	3.564107e-006	0.000000e+000	1.676695e-006
2.013758919250295e-008	1.244684e-003	1.000000e+000	7.425196e+002	7.127560e+000	4.127560e+000	1.676415e-006	3.563521e-006	0.000000e+000	1.676579e-006
2.023998919250172e-008	1.244707e-003	1.000000e+000	7.425820e+002	7.128010e+000	4.128010e+000	1.676303e-006	3.562944e-006	0.000000e+000	1.676465e-006
2.034238919250048e-008	1.244730e-003	1.000000e+000	7.426436e+002	7.128453e+000	4.128453e+000	1.676193e-006	3.562375e-006	0.000000e+000	1.676352e-006
2.044478919249924e-008	1.244752e-003	1.000000e+000	7.427042e+002	7.128890e+000	4.128890e+000	1.676084e-006	3.561815e-006	0.000000e+000	1.676241e-006
2.054718919249800e-008	1.244774e-003	1.000000e+000	7.427639e+002	7.129321e+000	4.129321e+000	1.675977e-006	3.561264e-006	0.000000e+000	1.676132e-006
2.064958919249676e-008	1.244795e-003	1.000000e+000	7.428226e+002	7.129744e+000	4.129744e+000	1.675872e-006	3.560721e-006	0.000000e+000	1.676024e-006
2.075198919249552e-008	1.244816e-003	1.000000e+000	7.428806e+002	7.130162e+000	4.130162e+000	1.675768e-006	3.560186e-006	0.000000e+000	1.675918e-006
2.085438919249428e-008	1.244837e-003	1.000000e+000	7.429376e+002	7.130573e+000	4.130573e+000	1.675666e-006	3.559659e-006	0.000000e+000	1.675813e-006
2.095678919249304e-008	1.244858e-003	1.000000e+000	7.429938e+002	7.130978e+000	4.130978e+000	1.675565e-006	3.559140e-006	0.000000e+000	1.675711e-006
2.105918919249180e-008	1.244878e-003	1.000000e+000	7.430492e+002	7.131376e+000	4.131376e+000	1.675466e-006	3.558629e-006	0.000000e+000	1.675609e-006
2.116158919249056e-008	1.244898e-003	1.000000e+000	7.431037e+002	7.131769e+000	4.131769e+000	1.675368e-006	3.558125e-006	0.000000e+000	1.675509e-006
2.126398919248932e-008	1.244918e-003	1.000000e+000	7.431575e+002	7.132156e+000	4.132156e+000	1.675272e-006	3.557630e-006	0.000000e+000	1.675411e-006
2.136638919248808e-008	1.244937e-003	1.000000e+000	7.432104e+002	7.132537e+000	4.132537e+000	1.675177e-006	3.557141e-006	0.000000e+000	1.675314e-006
2.146878919248685e-008	1.244956e-003	1.000000e+000	7.432625e+002	7.132912e+000	4.132912e+000	1.675084e-006	3.556660e-006	0.000000e+000	1.675219e-006
2.157118919248561e-008	1.244975e-003	1.000000e+000	7.433139e+002	7.133282e+000	4.133282e+000	1.674992e-006	3.556187e-006	0.000000e+000	1.675125e-006
2.167358919248437e-008	1.244994e-003	1.000000e+000	7.433645e+002	7.133646e+000	4.133646e+000	1.674902e-006	3.555720e-006	0.000000e+000	1.675032e-006
2.177598919248313e-008	1.245012e-003	1.000000e+000	7.434144e+002	7.134004e+000	4.134004e+000	1.674812e-006	3.555260e-006	0.000000e+000	1.674941e-006
2.187838919248189e-008	1.245030e-003	1.000000e+000	7.434634e+002	7.134357e+000	4.134357e+000	1.674725e-006	3.554808e-006	0.000000e+000	1.674851e-006
2.198078919248065e-008	1.245047e-003	1.000000e+000	7.435118e+002	7.134705e+000	4.134705e+000	1.674638e-006	3.554362e-006	0.000000e+000	1.674763e-006
2.208318919247941e-008	1.245065e-003	1.000000e+000	7.435595e+002	7.135047e+000	4.135047e+000	1.674553e-006	3.553922e-006	0.000000e+000	1.674676e-006
2.218558919247817e-008	1.245082e-003	1.000000e+000	7.436064e+002	7.135385e+000	4.135385e+000	1.674469e-006	3.553490e-006	0.000000e+000	1.674590e-006
2.228798919247693e-008	1.245099e-003	1.000000e+000	7.436527e+002	7.135717e+000	4.135717e+000	1.674386e-006	3.553064e-006	0.000000e+000	1.674506e-006
2.239038919247569e-008	1.245116e-003	1.000000e+000	7.436982e+002	7.136045e+000	4.136045e+000	1.674305e-006	3.552644e-006	0.000000e+000	1.674422e-006
2.249278919247445e-008	1.245132e-003	1.000000e+000	7.437431e+002	7.136367e+000	4.136367e+000	1.674224e-006	3.552231e-006	0.000000e+000	1.674340e-006
2.259518919247322e-008	1.245148e-003	1.000000e+000	7.437874e+002	7.136685e+000	4.136685e+000	1.674145e-006	3.551824e-006	0.000000e+000	1.674260e-006
2.269758919247198e-008	1.245164e-003	1.000000e+000	7.438309e+002	7.136998e+000	4.136998e+000	1.674067e-006	3.551422e-006	0.000000e+000	1.674180e-006
2.279998919247074e-008	1.245180e-003	1.000000e+000	7.438738e+002	7.137306e+000	4.137306e+000	1.673991e-006	3.551027e-006	0.000000e+000	1.674102e-006
2.290238919246950e-008	1.245195e-003	1.000000e+000	7.439161e+002	7.137609e+000	4.137609e+000	1.673915e-006	3.550638e-006	0.000000e+000	1.674024e-006
2.300478919246826e-008	1.245210e-003	1.000000e+000	7.439577e+002	7.137908e+000	4.137908e+000	1.673841e-006	3.550255e-006	0.000000e+000	1.673948e-006
2.310718919246702e-008	1.245225e-003	1.000000e+000	7.439987e+002	7.138203e+000	4.138203e+000	1.673768e-006	3.549878e-006	0.000000e+000	1.673873e-006
2.320958919246578e-008	1.245240e-003	1.000000e+000	7.440391e+002	7.138493e+000	4.138493e+000	1.673695e-006	3.549506e-006	0.000000e+000	1.673800e-006
2.331198919246454e-008	1.245255e-003	1.000000e+000	7.440789e+002	7.138779e+000	4.138779e+000	1.673624e-006	3.549140e-006	0.000000e+000	1.673727e-006
2.341438919246330e-008	1.245269e-003	1.000000e+000	7.441182e+002	7.139060e+000	4.139060e+000	1.673554e-006	3.548779e-006	0.000000e+000	1.673655e-006
2.351678919246206e-008	1.245283e-003	1.000000e+000	7.441568e+002	7.139337e+000	4.139337e+000	1.673485e-006	3.548423e-006	0.000000e+000	1.673585e-006
2.361918919246082e-008	1.245297e-003	1.000000e+000	7.441948e+002	7.139610e+000	4.139610e+000	1.673417e-006	3.548073e-006	0.000000e+000	1.673515e-006
2.372158919245958e-008	1.245311e-003	1.000000e+000	7.442323e+002	7.139879e+000	4.139879e+000	1.673350e-006	3.547729e-006	0.000000e+000	1.673447e-006
2.382398919245835e-008	1.245324e-003	1.000000e+000	7.442693e+002	7.140144e+000	4.140144e+000	1.673284e-006	3.547389e-006	0.000000e+000	1.673380e-006
2.392638919245711e-008	1.245337e-003	1.000000e+000	7.443057e+002	7.140405e+000	4.140405e+000	1.673219e-006	3.547055e-006	0.000000e+000	1.673313e-006
2.402878919245587e-008	1.245350e-003	1.000000e+000	7.443415e+002	7.140662e+000	4.140662e+000	1.673155e-006	3.546725e-006	0.000000e+000	1.673248e-006
2.413118919245463e-008	1.245363e-003	1.000000e+000	7.443768e+002	7.140915e+000	4.140915e+000	1.673092e-006	3.546401e-006	0.000000e+000	1.673183e-006
2.423358919245339e-008	1.245376e-003	1.000000e+000	7.444116e+002	7.141164e+000	4.141164e+000	1.673030e-006	3.546081e-006	0.000000e+000	1.673120e-006
2.433598919245215e-008	1.245389e-003	1.000000e+000	7.444459e+002	7.141410e+000	4.141410e+000	1.672969e-006	3.545766e-006	0.000000e+000	1.673057e-006
2.443838919245091e-008	1.245401e-003	1.000000e+000	7.444796e+002	7.141652e+000	4.141652e+000	1.672909e-006	3.545456e-006	0.000000e+000	1.672996e-006
2.454078919244967e-008	1.245413e-003	1.000000e+000	7.445129e+002	7.141890e+000	4.141890e+000	1.672849e-006	3.545150e-006	0.000000e+000	1.672935e-006
2.464318919244843e-008	1.245425e-003	1.000000e+000	7.445456e+002	7.142125e+000	4.142125e+000	1.672791e-006	3.544849e-006	0.000000e+000	1.672875e-006
2.474558919244719e-008	1.245437e-003	1.000000e+000	7.445779e+002	7.142356e+000	4.142356e+000	1.672733e-006	3.544553e-006	0.000000e+000	1.672817e-006
2.484798919244595e-008	1.245448e-003	1.000000e+000	7.446097e+002	7.142584e+000	4.142584e+000	1.672677e-006	3.544261e-006	0.000000e+000	1.672759e-006
2.495038919244471e-008	1.245460e-003	1.000000e+000	7.446410e+002	7.142808e+000	4.142808e+000	1.672621e-006	3.543973e-006	0.000000e+000	1.672702e-006
2.499998919244411e-008	1.245465e-003	1.000000e+000	7.446560e+002	7.142916e+000	4.142916e+000	1.672594e-006	3.543835e-006	0.000000e+000	1.672674e-006
2.500000000000000e-008	1.245465e-003	1.000000e+000	7.446560e+002	7.142916e+000	4.142916e+000	1.672594e-006	3.543835e-006	0.000000e+000	1.672674e-006
